# Read 27 cphlog files (27 pH values)
#    pH nsamples
#  4.50      200
#  4.70      200
#  4.90      200
#  5.10      200
#  5.30      200
#  5.50      200
#  5.70      200
#  5.90      200
#  6.10      200
#  6.30      200
#  6.50      200
#  6.70      200
#  6.90      200
#  7.10      200
#  7.30      200
#  7.50      200
#  7.70      200
#  7.90      200
#  8.10      200
#  8.30      200
#  8.50      200
#  8.70      200
#  9.10      200
#  9.30      200
#  9.50      200
#  9.70      200
#  9.90      200
# state population method: uwham
#         PROT:44:ASP    PROT:53:ASP    PROT:63:ASP    PROT:65:ASP                        PROT:69:ASP    PROT:87:ASP   PROT:112:ASP   PROT:136:ASP                       PROT:149:ASP   PROT:150:ASP   PROT:172:ASP   PROT:187:ASP                       PROT:189:ASP   PROT:201:ASP   PROT:210:ASP   PROT:223:ASP                       PROT:259:ASP   PROT:260:ASP   PROT:261:ASP   PROT:273:ASP                       PROT:283:ASP   PROT:297:ASP   PROT:298:ASP   PROT:304:ASP                       PROT:308:ASP   PROT:336:ASP   PROT:375:ASP   PROT:379:ASP                       PROT:385:ASP   PROT:387:ASP   PROT:388:ASP   PROT:429:ASP                       PROT:450:ASP   PROT:451:ASP   PROT:462:ASP
 4.500  0.0996 0.0117  0.0000 0.0000  0.8232 0.0198  0.0000 0.0000                      0.0000 0.0000  1.0000 0.0000  1.0000 0.0000  0.0000 0.0000                      0.8186 0.0193  0.0000 0.0000  1.0000 0.0000  0.0000 0.0000                      0.1771 0.0188  0.3133 0.0268  0.0000 0.0000  0.0000 0.0000                      0.0000 0.0000  0.7979 0.0209  0.0000 0.0000  0.0796 0.0098                      1.0000 0.0000  0.0000 0.0000  0.0000 0.0000  0.0000 0.0000                      0.0000 0.0000  0.2223 0.0274  0.0000 0.0000  0.0000 0.0000                      0.0155 0.0031  0.0000 0.0000  0.0000 0.0000  0.0000 0.0000                      0.1816 0.0193  0.0000 0.0000  0.0000 0.0000
 4.700  0.4265 0.0226  0.0000 0.0000  0.5347 0.0224  0.0000 0.0000                      0.0008 0.0001  1.0000 0.0000  0.9990 0.0002  0.0000 0.0000                      0.1797 0.0188  0.0000 0.0000  1.0000 0.0000  0.0000 0.0000                      0.7540 0.0188  0.4521 0.0220  0.0000 0.0000  0.0000 0.0000                      0.0000 0.0000  0.1691 0.0182  0.0000 0.0000  0.3562 0.0218                      1.0000 0.0000  0.0000 0.0000  0.0000 0.0000  0.0000 0.0000                      0.0000 0.0000  0.0269 0.0047  0.0000 0.0000  0.0000 0.0000                      0.0856 0.0119  0.0000 0.0000  0.0000 0.0000  0.0000 0.0000                      0.8002 0.0183  0.0000 0.0000  0.0000 0.0000
 4.900  0.3810 0.0223  0.0000 0.0000  0.4086 0.0218  0.0000 0.0000                      0.0227 0.0033  0.9998 0.0000  0.9670 0.0043  0.0000 0.0000                      0.0147 0.0039  0.0000 0.0000  0.9984 0.0004  0.0000 0.0000                      0.6831 0.0230  0.3817 0.0223  0.0000 0.0000  0.0000 0.0000                      0.0000 0.0000  0.0080 0.0011  0.0000 0.0000  0.3730 0.0216                      0.9980 0.0005  0.0002 0.0000  0.0000 0.0000  0.0000 0.0000                      0.0000 0.0000  0.0008 0.0002  0.0000 0.0000  0.0000 0.0000                      0.1329 0.0152  0.0000 0.0000  0.0000 0.0000  0.0000 0.0000                      0.7819 0.0194  0.0000 0.0000  0.0000 0.0000
 5.100  0.0895 0.0100  0.0000 0.0000  0.1346 0.0142  0.0000 0.0000                      0.1619 0.0165  0.9900 0.0014  0.7049 0.0212  0.0000 0.0000                      0.0019 0.0011  0.0000 0.0000  0.9748 0.0047  0.0000 0.0000                      0.1686 0.0166  0.0895 0.0100  0.0000 0.0000  0.0000 0.0000                      0.0000 0.0000  0.0001 0.0000  0.0000 0.0000  0.1230 0.0134                      0.9769 0.0054  0.0100 0.0014  0.0000 0.0000  0.0000 0.0000                      0.0000 0.0000  0.0000 0.0000  0.0000 0.0000  0.0000 0.0000                      0.0837 0.0122  0.0000 0.0000  0.0000 0.0000  0.0000 0.0000                      0.2239 0.0207  0.0000 0.0000  0.0000 0.0000
 5.300  0.0034 0.0005  0.0000 0.0000  0.0087 0.0013  0.0000 0.0000                      0.1781 0.0173  0.9153 0.0088  0.4818 0.0203  0.0000 0.0000                      0.0001 0.0000  0.0000 0.0000  0.9349 0.0107  0.0000 0.0000                      0.0071 0.0010  0.0034 0.0005  0.0000 0.0000  0.0000 0.0000                      0.0000 0.0000  0.0000 0.0000  0.0000 0.0000  0.0080 0.0013                      0.9586 0.0090  0.0829 0.0087  0.0000 0.0000  0.0000 0.0000                      0.0000 0.0000  0.0000 0.0000  0.0000 0.0000  0.0000 0.0000                      0.0116 0.0022  0.0000 0.0000  0.0000 0.0000  0.0000 0.0000                      0.0121 0.0017  0.0000 0.0000  0.0000 0.0000
 5.500  0.0000 0.0000  0.0000 0.0000  0.0002 0.0000  0.0000 0.0000                      0.0671 0.0079  0.7231 0.0198  0.3863 0.0204  0.0000 0.0000                      0.0000 0.0000  0.0000 0.0000  0.9330 0.0098  0.0000 0.0000                      0.0001 0.0000  0.0000 0.0000  0.0000 0.0000  0.0000 0.0000                      0.0000 0.0000  0.0000 0.0000  0.0000 0.0000  0.0002 0.0000                      0.9483 0.0063  0.2577 0.0192  0.0000 0.0000  0.0000 0.0000                      0.0000 0.0000  0.0000 0.0000  0.0000 0.0000  0.0000 0.0000                      0.0006 0.0001  0.0000 0.0000  0.0000 0.0000  0.0000 0.0000                      0.0003 0.0000  0.0000 0.0000  0.0000 0.0000
 5.700  0.0000 0.0000  0.0000 0.0000  0.0000 0.0000  0.0000 0.0000                      0.0090 0.0013  0.6012 0.0209  0.1754 0.0153  0.0000 0.0000                      0.0000 0.0000  0.0000 0.0000  0.9143 0.0099  0.0000 0.0000                      0.0000 0.0000  0.0000 0.0000  0.0000 0.0000  0.0000 0.0000                      0.0000 0.0000  0.0000 0.0000  0.0000 0.0000  0.0000 0.0000                      0.7157 0.0223  0.3190 0.0209  0.0000 0.0000  0.0000 0.0000                      0.0000 0.0000  0.0000 0.0000  0.0000 0.0000  0.0000 0.0000                      0.0000 0.0000  0.0000 0.0000  0.0000 0.0000  0.0000 0.0000                      0.0000 0.0000  0.0000 0.0000  0.0000 0.0000
 5.900  0.0000 0.0000  0.0000 0.0000  0.0000 0.0000  0.0000 0.0000                      0.0003 0.0000  0.8144 0.0162  0.0199 0.0026  0.0000 0.0000                      0.0000 0.0000  0.0000 0.0000  0.8529 0.0141  0.0000 0.0000                      0.0000 0.0000  0.0000 0.0000  0.0000 0.0000  0.0000 0.0000                      0.0000 0.0000  0.0000 0.0000  0.0000 0.0000  0.0000 0.0000                      0.2325 0.0174  0.0958 0.0107  0.0000 0.0000  0.0000 0.0000                      0.0000 0.0000  0.0000 0.0000  0.0000 0.0000  0.0000 0.0000                      0.0000 0.0000  0.0000 0.0000  0.0000 0.0000  0.0000 0.0000                      0.0000 0.0000  0.0000 0.0000  0.0000 0.0000
 6.100  0.0000 0.0000  0.0000 0.0000  0.0000 0.0000  0.0000 0.0000                      0.0000 0.0000  0.9311 0.0062  0.0007 0.0001  0.0000 0.0000                      0.0000 0.0000  0.0000 0.0000  0.8047 0.0118  0.0000 0.0000                      0.0000 0.0000  0.0000 0.0000  0.0000 0.0000  0.0000 0.0000                      0.0000 0.0000  0.0000 0.0000  0.0000 0.0000  0.0000 0.0000                      0.1198 0.0097  0.0090 0.0013  0.0000 0.0000  0.0000 0.0000                      0.0000 0.0000  0.0000 0.0000  0.0000 0.0000  0.0000 0.0000                      0.0000 0.0000  0.0000 0.0000  0.0000 0.0000  0.0000 0.0000                      0.0000 0.0000  0.0000 0.0000  0.0000 0.0000
 6.300  0.0000 0.0000  0.0000 0.0000  0.0000 0.0000  0.0000 0.0000                      0.0000 0.0000  0.9127 0.0066  0.0000 0.0000  0.0000 0.0000                      0.0000 0.0000  0.0000 0.0000  0.7102 0.0141  0.0000 0.0000                      0.0000 0.0000  0.0000 0.0000  0.0000 0.0000  0.0000 0.0000                      0.0000 0.0000  0.0000 0.0000  0.0000 0.0000  0.0000 0.0000                      0.1506 0.0109  0.0005 0.0001  0.0000 0.0000  0.0000 0.0000                      0.0000 0.0000  0.0000 0.0000  0.0000 0.0000  0.0000 0.0000                      0.0000 0.0000  0.0000 0.0000  0.0000 0.0000  0.0000 0.0000                      0.0000 0.0000  0.0000 0.0000  0.0000 0.0000
 6.500  0.0000 0.0000  0.0000 0.0000  0.0000 0.0000  0.0000 0.0000                      0.0000 0.0000  0.8458 0.0102  0.0000 0.0000  0.0000 0.0000                      0.0000 0.0000  0.0000 0.0000  0.6190 0.0148  0.0000 0.0000                      0.0000 0.0000  0.0000 0.0000  0.0000 0.0000  0.0000 0.0000                      0.0000 0.0000  0.0000 0.0000  0.0000 0.0000  0.0000 0.0000                      0.1757 0.0113  0.0000 0.0000  0.0000 0.0000  0.0000 0.0000                      0.0000 0.0000  0.0000 0.0000  0.0000 0.0000  0.0000 0.0000                      0.0000 0.0000  0.0000 0.0000  0.0000 0.0000  0.0000 0.0000                      0.0000 0.0000  0.0000 0.0000  0.0000 0.0000
 6.700  0.0000 0.0000  0.0000 0.0000  0.0000 0.0000  0.0000 0.0000                      0.0000 0.0000  0.7564 0.0129  0.0000 0.0000  0.0000 0.0000                      0.0000 0.0000  0.0000 0.0000  0.5563 0.0147  0.0000 0.0000                      0.0000 0.0000  0.0000 0.0000  0.0000 0.0000  0.0000 0.0000                      0.0000 0.0000  0.0000 0.0000  0.0000 0.0000  0.0000 0.0000                      0.1796 0.0119  0.0000 0.0000  0.0000 0.0000  0.0000 0.0000                      0.0000 0.0000  0.0000 0.0000  0.0000 0.0000  0.0000 0.0000                      0.0000 0.0000  0.0000 0.0000  0.0000 0.0000  0.0000 0.0000                      0.0000 0.0000  0.0000 0.0000  0.0000 0.0000
 6.900  0.0000 0.0000  0.0000 0.0000  0.0000 0.0000  0.0000 0.0000                      0.0000 0.0000  0.6447 0.0147  0.0000 0.0000  0.0000 0.0000                      0.0000 0.0000  0.0000 0.0000  0.5014 0.0145  0.0000 0.0000                      0.0000 0.0000  0.0000 0.0000  0.0000 0.0000  0.0000 0.0000                      0.0000 0.0000  0.0000 0.0000  0.0000 0.0000  0.0000 0.0000                      0.1579 0.0112  0.0000 0.0000  0.0000 0.0000  0.0000 0.0000                      0.0000 0.0000  0.0000 0.0000  0.0000 0.0000  0.0000 0.0000                      0.0000 0.0000  0.0000 0.0000  0.0000 0.0000  0.0000 0.0000                      0.0000 0.0000  0.0000 0.0000  0.0000 0.0000
 7.100  0.0000 0.0000  0.0000 0.0000  0.0000 0.0000  0.0000 0.0000                      0.0000 0.0000  0.5157 0.0153  0.0000 0.0000  0.0000 0.0000                      0.0000 0.0000  0.0000 0.0000  0.4266 0.0145  0.0000 0.0000                      0.0000 0.0000  0.0000 0.0000  0.0000 0.0000  0.0000 0.0000                      0.0000 0.0000  0.0000 0.0000  0.0000 0.0000  0.0000 0.0000                      0.1113 0.0089  0.0000 0.0000  0.0000 0.0000  0.0000 0.0000                      0.0000 0.0000  0.0000 0.0000  0.0000 0.0000  0.0000 0.0000                      0.0000 0.0000  0.0000 0.0000  0.0000 0.0000  0.0000 0.0000                      0.0000 0.0000  0.0000 0.0000  0.0000 0.0000
 7.300  0.0000 0.0000  0.0000 0.0000  0.0000 0.0000  0.0000 0.0000                      0.0000 0.0000  0.3996 0.0144  0.0000 0.0000  0.0000 0.0000                      0.0000 0.0000  0.0000 0.0000  0.3284 0.0142  0.0000 0.0000                      0.0000 0.0000  0.0000 0.0000  0.0000 0.0000  0.0000 0.0000                      0.0000 0.0000  0.0000 0.0000  0.0000 0.0000  0.0000 0.0000                      0.0579 0.0053  0.0000 0.0000  0.0000 0.0000  0.0000 0.0000                      0.0000 0.0000  0.0000 0.0000  0.0000 0.0000  0.0000 0.0000                      0.0000 0.0000  0.0000 0.0000  0.0000 0.0000  0.0000 0.0000                      0.0000 0.0000  0.0000 0.0000  0.0000 0.0000
 7.500  0.0000 0.0000  0.0000 0.0000  0.0000 0.0000  0.0000 0.0000                      0.0000 0.0000  0.3200 0.0141  0.0000 0.0000  0.0000 0.0000                      0.0000 0.0000  0.0000 0.0000  0.2462 0.0120  0.0000 0.0000                      0.0000 0.0000  0.0000 0.0000  0.0000 0.0000  0.0000 0.0000                      0.0000 0.0000  0.0000 0.0000  0.0000 0.0000  0.0000 0.0000                      0.0211 0.0023  0.0000 0.0000  0.0000 0.0000  0.0000 0.0000                      0.0000 0.0000  0.0000 0.0000  0.0000 0.0000  0.0000 0.0000                      0.0000 0.0000  0.0000 0.0000  0.0000 0.0000  0.0000 0.0000                      0.0000 0.0000  0.0000 0.0000  0.0000 0.0000
 7.700  0.0000 0.0000  0.0000 0.0000  0.0000 0.0000  0.0000 0.0000                      0.0000 0.0000  0.2524 0.0135  0.0000 0.0000  0.0000 0.0000                      0.0000 0.0000  0.0000 0.0000  0.2194 0.0112  0.0000 0.0000                      0.0000 0.0000  0.0000 0.0000  0.0000 0.0000  0.0000 0.0000                      0.0000 0.0000  0.0000 0.0000  0.0000 0.0000  0.0000 0.0000                      0.0052 0.0007  0.0000 0.0000  0.0000 0.0000  0.0000 0.0000                      0.0000 0.0000  0.0000 0.0000  0.0000 0.0000  0.0000 0.0000                      0.0000 0.0000  0.0000 0.0000  0.0000 0.0000  0.0000 0.0000                      0.0000 0.0000  0.0000 0.0000  0.0000 0.0000
 7.900  0.0000 0.0000  0.0000 0.0000  0.0000 0.0000  0.0000 0.0000                      0.0000 0.0000  0.1735 0.0114  0.0000 0.0000  0.0000 0.0000                      0.0000 0.0000  0.0000 0.0000  0.2220 0.0128  0.0000 0.0000                      0.0000 0.0000  0.0000 0.0000  0.0000 0.0000  0.0000 0.0000                      0.0000 0.0000  0.0000 0.0000  0.0000 0.0000  0.0000 0.0000                      0.0008 0.0001  0.0000 0.0000  0.0000 0.0000  0.0000 0.0000                      0.0000 0.0000  0.0000 0.0000  0.0000 0.0000  0.0000 0.0000                      0.0000 0.0000  0.0000 0.0000  0.0000 0.0000  0.0000 0.0000                      0.0000 0.0000  0.0000 0.0000  0.0000 0.0000
 8.100  0.0000 0.0000  0.0000 0.0000  0.0000 0.0000  0.0000 0.0000                      0.0000 0.0000  0.1025 0.0087  0.0000 0.0000  0.0000 0.0000                      0.0000 0.0000  0.0000 0.0000  0.1966 0.0128  0.0000 0.0000                      0.0000 0.0000  0.0000 0.0000  0.0000 0.0000  0.0000 0.0000                      0.0000 0.0000  0.0000 0.0000  0.0000 0.0000  0.0000 0.0000                      0.0001 0.0000  0.0000 0.0000  0.0000 0.0000  0.0000 0.0000                      0.0000 0.0000  0.0000 0.0000  0.0000 0.0000  0.0000 0.0000                      0.0000 0.0000  0.0000 0.0000  0.0000 0.0000  0.0000 0.0000                      0.0000 0.0000  0.0000 0.0000  0.0000 0.0000
 8.300  0.0000 0.0000  0.0000 0.0000  0.0000 0.0000  0.0000 0.0000                      0.0000 0.0000  0.0559 0.0061  0.0000 0.0000  0.0000 0.0000                      0.0000 0.0000  0.0000 0.0000  0.1412 0.0104  0.0000 0.0000                      0.0000 0.0000  0.0000 0.0000  0.0000 0.0000  0.0000 0.0000                      0.0000 0.0000  0.0000 0.0000  0.0000 0.0000  0.0000 0.0000                      0.0000 0.0000  0.0000 0.0000  0.0000 0.0000  0.0000 0.0000                      0.0000 0.0000  0.0000 0.0000  0.0000 0.0000  0.0000 0.0000                      0.0000 0.0000  0.0000 0.0000  0.0000 0.0000  0.0000 0.0000                      0.0000 0.0000  0.0000 0.0000  0.0000 0.0000
 8.500  0.0000 0.0000  0.0000 0.0000  0.0000 0.0000  0.0000 0.0000                      0.0000 0.0000  0.0289 0.0037  0.0000 0.0000  0.0000 0.0000                      0.0000 0.0000  0.0000 0.0000  0.0850 0.0069  0.0000 0.0000                      0.0000 0.0000  0.0000 0.0000  0.0000 0.0000  0.0000 0.0000                      0.0000 0.0000  0.0000 0.0000  0.0000 0.0000  0.0000 0.0000                      0.0000 0.0000  0.0000 0.0000  0.0000 0.0000  0.0000 0.0000                      0.0000 0.0000  0.0000 0.0000  0.0000 0.0000  0.0000 0.0000                      0.0000 0.0000  0.0000 0.0000  0.0000 0.0000  0.0000 0.0000                      0.0000 0.0000  0.0000 0.0000  0.0000 0.0000
 8.700  0.0000 0.0000  0.0000 0.0000  0.0000 0.0000  0.0000 0.0000                      0.0000 0.0000  0.0139 0.0019  0.0000 0.0000  0.0000 0.0000                      0.0000 0.0000  0.0000 0.0000  0.0440 0.0039  0.0000 0.0000                      0.0000 0.0000  0.0000 0.0000  0.0000 0.0000  0.0000 0.0000                      0.0000 0.0000  0.0000 0.0000  0.0000 0.0000  0.0000 0.0000                      0.0000 0.0000  0.0000 0.0000  0.0000 0.0000  0.0000 0.0000                      0.0000 0.0000  0.0000 0.0000  0.0000 0.0000  0.0000 0.0000                      0.0000 0.0000  0.0000 0.0000  0.0000 0.0000  0.0000 0.0000                      0.0000 0.0000  0.0000 0.0000  0.0000 0.0000
 9.100  0.0000 0.0000  0.0000 0.0000  0.0000 0.0000  0.0000 0.0000                      0.0000 0.0000  0.0022 0.0003  0.0000 0.0000  0.0000 0.0000                      0.0000 0.0000  0.0000 0.0000  0.0075 0.0007  0.0000 0.0000                      0.0000 0.0000  0.0000 0.0000  0.0000 0.0000  0.0000 0.0000                      0.0000 0.0000  0.0000 0.0000  0.0000 0.0000  0.0000 0.0000                      0.0000 0.0000  0.0000 0.0000  0.0000 0.0000  0.0000 0.0000                      0.0000 0.0000  0.0000 0.0000  0.0000 0.0000  0.0000 0.0000                      0.0000 0.0000  0.0000 0.0000  0.0000 0.0000  0.0000 0.0000                      0.0000 0.0000  0.0000 0.0000  0.0000 0.0000
 9.300  0.0000 0.0000  0.0000 0.0000  0.0000 0.0000  0.0000 0.0000                      0.0000 0.0000  0.0007 0.0001  0.0000 0.0000  0.0000 0.0000                      0.0000 0.0000  0.0000 0.0000  0.0024 0.0002  0.0000 0.0000                      0.0000 0.0000  0.0000 0.0000  0.0000 0.0000  0.0000 0.0000                      0.0000 0.0000  0.0000 0.0000  0.0000 0.0000  0.0000 0.0000                      0.0000 0.0000  0.0000 0.0000  0.0000 0.0000  0.0000 0.0000                      0.0000 0.0000  0.0000 0.0000  0.0000 0.0000  0.0000 0.0000                      0.0000 0.0000  0.0000 0.0000  0.0000 0.0000  0.0000 0.0000                      0.0000 0.0000  0.0000 0.0000  0.0000 0.0000
 9.500  0.0000 0.0000  0.0000 0.0000  0.0000 0.0000  0.0000 0.0000                      0.0000 0.0000  0.0002 0.0000  0.0000 0.0000  0.0000 0.0000                      0.0000 0.0000  0.0000 0.0000  0.0006 0.0001  0.0000 0.0000                      0.0000 0.0000  0.0000 0.0000  0.0000 0.0000  0.0000 0.0000                      0.0000 0.0000  0.0000 0.0000  0.0000 0.0000  0.0000 0.0000                      0.0000 0.0000  0.0000 0.0000  0.0000 0.0000  0.0000 0.0000                      0.0000 0.0000  0.0000 0.0000  0.0000 0.0000  0.0000 0.0000                      0.0000 0.0000  0.0000 0.0000  0.0000 0.0000  0.0000 0.0000                      0.0000 0.0000  0.0000 0.0000  0.0000 0.0000
 9.700  0.0000 0.0000  0.0000 0.0000  0.0000 0.0000  0.0000 0.0000                      0.0000 0.0000  0.0000 0.0000  0.0000 0.0000  0.0000 0.0000                      0.0000 0.0000  0.0000 0.0000  0.0001 0.0000  0.0000 0.0000                      0.0000 0.0000  0.0000 0.0000  0.0000 0.0000  0.0000 0.0000                      0.0000 0.0000  0.0000 0.0000  0.0000 0.0000  0.0000 0.0000                      0.0000 0.0000  0.0000 0.0000  0.0000 0.0000  0.0000 0.0000                      0.0000 0.0000  0.0000 0.0000  0.0000 0.0000  0.0000 0.0000                      0.0000 0.0000  0.0000 0.0000  0.0000 0.0000  0.0000 0.0000                      0.0000 0.0000  0.0000 0.0000  0.0000 0.0000
 9.900  0.0000 0.0000  0.0000 0.0000  0.0000 0.0000  0.0000 0.0000                      0.0000 0.0000  0.0000 0.0000  0.0000 0.0000  0.0000 0.0000                      0.0000 0.0000  0.0000 0.0000  0.0000 0.0000  0.0000 0.0000                      0.0000 0.0000  0.0000 0.0000  0.0000 0.0000  0.0000 0.0000                      0.0000 0.0000  0.0000 0.0000  0.0000 0.0000  0.0000 0.0000                      0.0000 0.0000  0.0000 0.0000  0.0000 0.0000  0.0000 0.0000                      0.0000 0.0000  0.0000 0.0000  0.0000 0.0000  0.0000 0.0000                      0.0000 0.0000  0.0000 0.0000  0.0000 0.0000  0.0000 0.0000                      0.0000 0.0000  0.0000 0.0000  0.0000 0.0000
# pKa and Hill coefficient method: non-linear regression
#pKa    4.1086 0.4554             --  4.7468 0.0586             --                     -3.0188 14.2802  7.1654 0.0577  5.3642 0.0429             --                      4.6007 0.0060             --  6.9229 0.0651             --                      4.4728 0.2121  4.5360 0.1491             --             --                                 --  4.5936 0.0199             --  4.1424 0.3119                      5.8254 0.0575     nan    inf             --             --                                 --  4.4207 0.0303             --             --                      3.2766 0.8700             --             --             --                      4.9897 0.1284             --             --
#hill   1.9431 1.0558             --  4.5132 0.5832             --                      0.3989 0.6843  1.4802 0.0750  4.1671 0.3684             --                      6.2912 0.2903             --  1.1394 0.0571             --                      3.5767 1.1759  2.9341 0.8456             --             --                                 --  7.6640 0.4602             --  2.6085 0.9554                      3.1247 0.6948     nan    inf             --             --                                 --  6.3688 0.6495             --             --                      1.3982 0.6941             --             --             --                      6.6985 2.6845             --             --
# nan/-- indicates the pKa is probably outside the given pH range
# -- may also indicate that this micro/noequiv is not implemented
