# Read 27 cphlog files (27 pH values)
#    pH nsamples
#  4.50      200
#  4.70      200
#  4.90      200
#  5.10      200
#  5.30      200
#  5.50      200
#  5.70      200
#  5.90      200
#  6.10      200
#  6.30      200
#  6.50      200
#  6.70      200
#  6.90      200
#  7.10      200
#  7.30      200
#  7.50      200
#  7.70      200
#  7.90      200
#  8.10      200
#  8.30      200
#  8.50      200
#  8.70      200
#  9.10      200
#  9.30      200
#  9.50      200
#  9.70      200
#  9.90      200
# state population method: uwham
#         PROT:36:HIS    PROT:51:HIS    PROT:85:HIS    PROT:86:HIS                        PROT:99:HIS   PROT:124:HIS   PROT:220:HIS   PROT:293:HIS                       PROT:372:HIS   PROT:414:HIS   PROT:420:HIS   PROT:460:HIS
 4.500  0.0000 0.0000  1.0000    nan  0.0000 0.0000  0.0000 0.0000                      0.8668 0.0148  1.0000 0.0000  1.0000    nan  1.0000    nan                      1.0000    nan  0.9993 0.0001  1.0000    nan  1.0000 0.0000
 4.700  0.0000 0.0000  1.0000    nan  0.0000 0.0000  0.0000 0.0000                      0.3959 0.0228  1.0000 0.0000  1.0000    nan  1.0000    nan                      1.0000    nan  0.9793 0.0030  1.0000    nan  0.9968 0.0005
 4.900  0.0000 0.0000  1.0000    nan  0.0000 0.0000  0.0000 0.0000                      0.2481 0.0180  1.0000 0.0000  1.0000    nan  1.0000    nan                      1.0000    nan  0.8501 0.0158  1.0000    nan  0.9283 0.0085
 5.100  0.0000 0.0000  1.0000    nan  0.0000 0.0000  0.0000 0.0000                      0.3337 0.0195  1.0000 0.0000  1.0000    nan  1.0000    nan                      1.0000    nan  0.4858 0.0224  1.0000    nan  0.4993 0.0260
 5.300  0.0000 0.0000  1.0000    nan  0.0000 0.0000  0.0000 0.0000                      0.4102 0.0211  1.0000 0.0000  0.9999    nan  1.0000    nan                      1.0000    nan  0.2711 0.0192  1.0000    nan  0.3013 0.0174
 5.500  0.0000 0.0000  0.9995    nan  0.0000 0.0000  0.0000 0.0000                      0.2237 0.0172  0.9997 0.0000  0.9975    nan  1.0000    nan                      0.9995    nan  0.1232 0.0121  0.9996    nan  0.3953 0.0204
 5.700  0.0000 0.0000  0.9876    nan  0.0000 0.0000  0.0000 0.0000                      0.0490 0.0056  0.9885 0.0015  0.9540    nan  1.0000    nan                      0.9863    nan  0.0484 0.0071  0.9854    nan  0.2785 0.0198
 5.900  0.0000 0.0000  0.9100    nan  0.0000 0.0000  0.0000 0.0000                      0.0026 0.0004  0.8867 0.0096  0.7823    nan  1.0000    nan                      0.8986    nan  0.0305 0.0077  0.8866    nan  0.0522 0.0065
 6.100  0.0000 0.0000  0.7574    nan  0.0000 0.0000  0.0000 0.0000                      0.0000 0.0000  0.6545 0.0182  0.6273    nan  1.0000    nan                      0.7453    nan  0.0102 0.0028  0.7329    nan  0.0033 0.0005
 6.300  0.0000 0.0000  0.5740    nan  0.0000 0.0000  0.0000 0.0000                      0.0000 0.0000  0.4140 0.0172  0.5431    nan  1.0000    nan                      0.6248    nan  0.0018 0.0006  0.6364    nan  0.0001 0.0000
 6.500  0.0000 0.0000  0.4114    nan  0.0000 0.0000  0.0000 0.0000                      0.0000 0.0000  0.2817 0.0129  0.4679    nan  1.0000    nan                      0.5946    nan  0.0002 0.0001  0.6017    nan  0.0000 0.0000
 6.700  0.0000 0.0000  0.2832    nan  0.0000 0.0000  0.0000 0.0000                      0.0000 0.0000  0.2501 0.0119  0.3691    nan  0.9999    nan                      0.6206    nan  0.0000 0.0000  0.5761    nan  0.0000 0.0000
 6.900  0.0000 0.0000  0.1813    nan  0.0000 0.0000  0.0000 0.0000                      0.0000 0.0000  0.2701 0.0128  0.2550    nan  0.9991    nan                      0.6492    nan  0.0000 0.0000  0.5381    nan  0.0000 0.0000
 7.100  0.0000 0.0000  0.1001    nan  0.0000 0.0000  0.0000 0.0000                      0.0000 0.0000  0.2914 0.0136  0.1455    nan  0.9944    nan                      0.6429    nan  0.0000 0.0000  0.4826    nan  0.0000 0.0000
 7.300  0.0000 0.0000  0.0433    nan  0.0000 0.0000  0.0000 0.0000                      0.0000 0.0000  0.2664 0.0139  0.0634    nan  0.9716    nan                      0.5851    nan  0.0000 0.0000  0.4023    nan  0.0000 0.0000
 7.500  0.0000 0.0000  0.0136    nan  0.0000 0.0000  0.0000 0.0000                      0.0000 0.0000  0.1867 0.0123  0.0199    nan  0.8936    nan                      0.4753    nan  0.0000 0.0000  0.2952    nan  0.0000 0.0000
 7.700  0.0000 0.0000  0.0030    nan  0.0000 0.0000  0.0000 0.0000                      0.0000 0.0000  0.0939 0.0078  0.0043    nan  0.7127    nan                      0.3221    nan  0.0000 0.0000  0.1759    nan  0.0000 0.0000
 7.900  0.0000 0.0000  0.0004    nan  0.0000 0.0000  0.0000 0.0000                      0.0000 0.0000  0.0321 0.0032  0.0006    nan  0.4533    nan                      0.1667    nan  0.0000 0.0000  0.0781    nan  0.0000 0.0000
 8.100  0.0000 0.0000  0.0000    nan  0.0000 0.0000  0.0000 0.0000                      0.0000 0.0000  0.0076 0.0009  0.0001    nan  0.2317    nan                      0.0654    nan  0.0000 0.0000  0.0256    nan  0.0000 0.0000
 8.300  0.0000 0.0000  0.0000    nan  0.0000 0.0000  0.0000 0.0000                      0.0000 0.0000  0.0014 0.0002  0.0000    nan  0.1045    nan                      0.0211    nan  0.0000 0.0000  0.0067    nan  0.0000 0.0000
 8.500  0.0000 0.0000  0.0000    nan  0.0000 0.0000  0.0000 0.0000                      0.0000 0.0000  0.0002 0.0000  0.0000    nan  0.0451    nan                      0.0060    nan  0.0000 0.0000  0.0015    nan  0.0000 0.0000
 8.700  0.0000 0.0000  0.0000    nan  0.0000 0.0000  0.0000 0.0000                      0.0000 0.0000  0.0000 0.0000  0.0000    nan  0.0192    nan                      0.0016    nan  0.0000 0.0000  0.0003    nan  0.0000 0.0000
 9.100  0.0000 0.0000  0.0000    nan  0.0000 0.0000  0.0000 0.0000                      0.0000 0.0000  0.0000 0.0000  0.0000    nan  0.0032    nan                      0.0001    nan  0.0000 0.0000  0.0000    nan  0.0000 0.0000
 9.300  0.0000 0.0000  0.0000    nan  0.0000 0.0000  0.0000 0.0000                      0.0000 0.0000  0.0000 0.0000  0.0000    nan  0.0011    nan                      0.0000    nan  0.0000 0.0000  0.0000    nan  0.0000 0.0000
 9.500  0.0000 0.0000  0.0000    nan  0.0000 0.0000  0.0000 0.0000                      0.0000 0.0000  0.0000 0.0000  0.0000    nan  0.0003    nan                      0.0000    nan  0.0000 0.0000  0.0000    nan  0.0000 0.0000
 9.700  0.0000 0.0000  0.0000    nan  0.0000 0.0000  0.0000 0.0000                      0.0000 0.0000  0.0000 0.0000  0.0000    nan  0.0001    nan                      0.0000    nan  0.0000 0.0000  0.0000    nan  0.0000 0.0000
 9.900  0.0000 0.0000  0.0000    nan  0.0000 0.0000  0.0000 0.0000                      0.0000 0.0000  0.0000 0.0000  0.0000    nan  0.0000    nan                      0.0000    nan  0.0000 0.0000  0.0000    nan  0.0000 0.0000
# pKa and Hill coefficient method: non-linear regression
#pKa               --  6.4265 0.0165             --             --                      4.7704 0.0987  6.3431 0.0765  6.4266 0.0328  7.8740 0.0044                      7.1337 0.0927  5.1533 0.0376  6.8897 0.0554  5.2620 0.0561
#hill              --  1.5977 0.0860             --             --                      2.0908 0.3792  3.8394 0.5980  1.1764 0.0961  2.3331 0.0482                      0.7020 0.1011  4.3924 0.4233  0.7998 0.0761  3.8863 0.5171
# nan/-- indicates the pKa is probably outside the given pH range
# -- may also indicate that this micro/noequiv is not implemented
