# Read 27 cphlog files (27 pH values)
#    pH nsamples
#  4.50      200
#  4.70      200
#  4.90      200
#  5.10      200
#  5.30      200
#  5.50      200
#  5.70      200
#  5.90      200
#  6.10      200
#  6.30      200
#  6.50      200
#  6.70      200
#  6.90      200
#  7.10      200
#  7.30      200
#  7.50      200
#  7.70      200
#  7.90      200
#  8.10      200
#  8.30      200
#  8.50      200
#  8.70      200
#  9.10      200
#  9.30      200
#  9.50      200
#  9.70      200
#  9.90      200
# state population method: uwham
#         PROT:30:GLU    PROT:46:GLU    PROT:52:GLU   PROT:108:GLU                       PROT:116:GLU   PROT:119:GLU   PROT:139:GLU   PROT:140:GLU                       PROT:158:GLU   PROT:177:GLU   PROT:217:GLU   PROT:225:GLU                       PROT:237:GLU   PROT:266:GLU   PROT:281:GLU   PROT:296:GLU                       PROT:329:GLU   PROT:334:GLU   PROT:349:GLU   PROT:352:GLU                       PROT:360:GLU   PROT:409:GLU   PROT:410:GLU   PROT:413:GLU                       PROT:419:GLU   PROT:432:GLU   PROT:453:GLU
 4.500  0.0000 0.0000  0.8931 0.0123  0.0000 0.0000  0.8184 0.0193                      0.0996 0.0117  0.0796 0.0099  0.9791 0.0036  0.8176 0.0193                      0.9173 0.0101  0.0008 0.0002  0.9965 0.0009  0.0000 0.0000                      1.0000 0.0000  0.8176 0.0193  1.0000    nan  0.8176 0.0193                      0.8927 0.0124  0.9992 0.0002  0.4854 0.0295  0.8968 0.0122                      0.8995 0.0118  0.0000 0.0000  1.0000    nan  0.3725 0.0308                      0.0000 0.0000  0.9173 0.0101  0.9992 0.0002
 4.700  0.0000 0.0000  0.5267 0.0229  0.0000 0.0000  0.1977 0.0183                      0.4265 0.0226  0.3114 0.0215  0.8899 0.0138  0.1741 0.0186                      0.6005 0.0225  0.0247 0.0034  0.9698 0.0064  0.0000 0.0000                      0.9993 0.0001  0.1741 0.0186  1.0000    nan  0.1751 0.0186                      0.4815 0.0235  0.9743 0.0034  0.6206 0.0208  0.5722 0.0226                      0.5614 0.0227  0.0000 0.0000  1.0000    nan  0.0857 0.0088                      0.0000 0.0000  0.6016 0.0224  0.9743 0.0034
 4.900  0.0000 0.0000  0.5241 0.0219  0.0000 0.0000  0.1577 0.0159                      0.3810 0.0223  0.2499 0.0194  0.8360 0.0153  0.0082 0.0011                      0.3892 0.0224  0.1751 0.0174  0.9174 0.0113  0.0000 0.0000                      0.9787 0.0030  0.0084 0.0011  1.0000    nan  0.0428 0.0045                      0.3050 0.0194  0.7904 0.0196  0.6542 0.0201  0.6162 0.0222                      0.5842 0.0223  0.0000 0.0000  1.0000    nan  0.1774 0.0173                      0.0000 0.0000  0.4220 0.0216  0.7903 0.0196
 5.100  0.0000 0.0000  0.5473 0.0209  0.0000 0.0000  0.2625 0.0215                      0.0895 0.0100  0.0522 0.0065  0.6444 0.0208  0.0001 0.0000                      0.0896 0.0100  0.4334 0.0216  0.6900 0.0205  0.0000 0.0000                      0.8099 0.0169  0.0073 0.0011  1.0000    nan  0.3327 0.0228                      0.3447 0.0194  0.2307 0.0206  0.6266 0.0194  0.8378 0.0107                      0.8749 0.0122  0.0000 0.0000  1.0000    nan  0.4334 0.0216                      0.0000 0.0000  0.3723 0.0192  0.2341 0.0204
 5.300  0.0000 0.0000  0.2754 0.0199  0.0000 0.0000  0.0793 0.0095                      0.0034 0.0005  0.0018 0.0003  0.5441 0.0207  0.0000 0.0000                      0.0034 0.0005  0.2678 0.0196  0.4641 0.0204  0.0000 0.0000                      0.6519 0.0195  0.0498 0.0069  0.9999    nan  0.6344 0.0195                      0.4107 0.0211  0.0352 0.0061  0.5433 0.0202  0.6492 0.0219                      0.9024 0.0093  0.0000 0.0000  0.9995    nan  0.2678 0.0196                      0.0000 0.0000  0.4116 0.0211  0.0969 0.0088
 5.500  0.0000 0.0000  0.0858 0.0093  0.0000 0.0000  0.0115 0.0014                      0.0000 0.0000  0.0000 0.0000  0.6489 0.0185  0.0000 0.0000                      0.0000 0.0000  0.0856 0.0093  0.4583 0.0199  0.0000 0.0000                      0.5488 0.0202  0.1183 0.0144  0.9975    nan  0.6120 0.0199                      0.2237 0.0172  0.0326 0.0077  0.4476 0.0199  0.2758 0.0196                      0.7038 0.0203  0.0000 0.0000  0.9856    nan  0.0856 0.0093                      0.0000 0.0000  0.2237 0.0172  0.2772 0.0197
 5.700  0.0000 0.0000  0.0123 0.0018  0.0000 0.0000  0.0455 0.0056                      0.0000 0.0000  0.0000 0.0000  0.5642 0.0217  0.0000 0.0000                      0.0000 0.0000  0.0123 0.0018  0.5799 0.0192  0.0000 0.0000                      0.3047 0.0207  0.1004 0.0127  0.9549    nan  0.3272 0.0215                      0.0492 0.0055  0.0195 0.0052  0.2927 0.0197  0.0499 0.0054                      0.5236 0.0200  0.0000 0.0000  0.8411    nan  0.0123 0.0018                      0.0000 0.0000  0.0490 0.0056  0.3985 0.0209
 5.900  0.0000 0.0000  0.0004 0.0001  0.0000 0.0000  0.2009 0.0156                      0.0000 0.0000  0.0000 0.0000  0.1986 0.0173  0.0000 0.0000                      0.0000 0.0000  0.0004 0.0001  0.5342 0.0196  0.0000 0.0000                      0.0532 0.0065  0.0183 0.0029  0.7982    nan  0.0548 0.0067                      0.0073 0.0007  0.0030 0.0009  0.1048 0.0096  0.0022 0.0003                      0.4647 0.0202  0.0000 0.0000  0.5317    nan  0.0004 0.0001                      0.0000 0.0000  0.0026 0.0004  0.1803 0.0163
 6.100  0.0000 0.0000  0.0000 0.0000  0.0000 0.0000  0.2873 0.0168                      0.0000 0.0000  0.0000 0.0000  0.0410 0.0059  0.0000 0.0000                      0.0000 0.0000  0.0000 0.0000  0.4310 0.0166  0.0000 0.0000                      0.0033 0.0005  0.0009 0.0002  0.7066    nan  0.0033 0.0005                      0.0244 0.0027  0.0001 0.0000  0.0698 0.0098  0.0000 0.0000                      0.2614 0.0181  0.0000 0.0000  0.3895    nan  0.0000 0.0000                      0.0000 0.0000  0.0000 0.0000  0.0404 0.0059
 6.300  0.0000 0.0000  0.0000 0.0000  0.0000 0.0000  0.2322 0.0150                      0.0000 0.0000  0.0000 0.0000  0.0075 0.0016  0.0000 0.0000                      0.0000 0.0000  0.0000 0.0000  0.4141 0.0151  0.0000 0.0000                      0.0001 0.0000  0.0000 0.0000  0.7449    nan  0.0001 0.0000                      0.0615 0.0060  0.0000 0.0000  0.0499 0.0076  0.0000 0.0000                      0.0860 0.0080  0.0000 0.0000  0.2851    nan  0.0000 0.0000                      0.0000 0.0000  0.0000 0.0000  0.0075 0.0016
 6.500  0.0000 0.0000  0.0000 0.0000  0.0000 0.0000  0.1338 0.0106                      0.0000 0.0000  0.0000 0.0000  0.0012 0.0003  0.0000 0.0000                      0.0000 0.0000  0.0000 0.0000  0.4078 0.0148  0.0000 0.0000                      0.0000 0.0000  0.0000 0.0000  0.8087    nan  0.0000 0.0000                      0.0997 0.0090  0.0000 0.0000  0.0254 0.0042  0.0000 0.0000                      0.0193 0.0021  0.0000 0.0000  0.1931    nan  0.0000 0.0000                      0.0000 0.0000  0.0000 0.0000  0.0012 0.0003
 6.700  0.0000 0.0000  0.0000 0.0000  0.0000 0.0000  0.0628 0.0059                      0.0000 0.0000  0.0000 0.0000  0.0002 0.0001  0.0000 0.0000                      0.0000 0.0000  0.0000 0.0000  0.3808 0.0142  0.0000 0.0000                      0.0000 0.0000  0.0000 0.0000  0.8241    nan  0.0000 0.0000                      0.1203 0.0105  0.0000 0.0000  0.0102 0.0019  0.0000 0.0000                      0.0034 0.0004  0.0000 0.0000  0.1445    nan  0.0000 0.0000                      0.0000 0.0000  0.0000 0.0000  0.0002 0.0001
 6.900  0.0000 0.0000  0.0000 0.0000  0.0000 0.0000  0.0249 0.0028                      0.0000 0.0000  0.0000 0.0000  0.0000 0.0000  0.0000 0.0000                      0.0000 0.0000  0.0000 0.0000  0.3462 0.0135  0.0000 0.0000                      0.0000 0.0000  0.0000 0.0000  0.7846    nan  0.0000 0.0000                      0.1140 0.0100  0.0000 0.0000  0.0034 0.0007  0.0000 0.0000                      0.0005 0.0001  0.0000 0.0000  0.1314    nan  0.0000 0.0000                      0.0000 0.0000  0.0000 0.0000  0.0000 0.0000
 7.100  0.0000 0.0000  0.0000 0.0000  0.0000 0.0000  0.0081 0.0011                      0.0000 0.0000  0.0000 0.0000  0.0000 0.0000  0.0000 0.0000                      0.0000 0.0000  0.0000 0.0000  0.3159 0.0130  0.0000 0.0000                      0.0000 0.0000  0.0000 0.0000  0.7072    nan  0.0000 0.0000                      0.0825 0.0077  0.0000 0.0000  0.0009 0.0002  0.0000 0.0000                      0.0001 0.0000  0.0000 0.0000  0.1251    nan  0.0000 0.0000                      0.0000 0.0000  0.0000 0.0000  0.0000 0.0000
 7.300  0.0000 0.0000  0.0000 0.0000  0.0000 0.0000  0.0020 0.0003                      0.0000 0.0000  0.0000 0.0000  0.0000 0.0000  0.0000 0.0000                      0.0000 0.0000  0.0000 0.0000  0.2926 0.0130  0.0000 0.0000                      0.0000 0.0000  0.0000 0.0000  0.6098    nan  0.0000 0.0000                      0.0430 0.0044  0.0000 0.0000  0.0002 0.0000  0.0000 0.0000                      0.0000 0.0000  0.0000 0.0000  0.1002    nan  0.0000 0.0000                      0.0000 0.0000  0.0000 0.0000  0.0000 0.0000
 7.500  0.0000 0.0000  0.0000 0.0000  0.0000 0.0000  0.0004 0.0001                      0.0000 0.0000  0.0000 0.0000  0.0000 0.0000  0.0000 0.0000                      0.0000 0.0000  0.0000 0.0000  0.2641 0.0137  0.0000 0.0000                      0.0000 0.0000  0.0000 0.0000  0.4977    nan  0.0000 0.0000                      0.0154 0.0018  0.0000 0.0000  0.0000 0.0000  0.0000 0.0000                      0.0000 0.0000  0.0000 0.0000  0.0596    nan  0.0000 0.0000                      0.0000 0.0000  0.0000 0.0000  0.0000 0.0000
 7.700  0.0000 0.0000  0.0000 0.0000  0.0000 0.0000  0.0000 0.0000                      0.0000 0.0000  0.0000 0.0000  0.0000 0.0000  0.0000 0.0000                      0.0000 0.0000  0.0000 0.0000  0.2043 0.0132  0.0000 0.0000                      0.0000 0.0000  0.0000 0.0000  0.3623    nan  0.0000 0.0000                      0.0037 0.0005  0.0000 0.0000  0.0000 0.0000  0.0000 0.0000                      0.0000 0.0000  0.0000 0.0000  0.0249    nan  0.0000 0.0000                      0.0000 0.0000  0.0000 0.0000  0.0000 0.0000
 7.900  0.0000 0.0000  0.0000 0.0000  0.0000 0.0000  0.0000 0.0000                      0.0000 0.0000  0.0000 0.0000  0.0000 0.0000  0.0000 0.0000                      0.0000 0.0000  0.0000 0.0000  0.1175 0.0096  0.0000 0.0000                      0.0000 0.0000  0.0000 0.0000  0.2158    nan  0.0000 0.0000                      0.0006 0.0001  0.0000 0.0000  0.0000 0.0000  0.0000 0.0000                      0.0000 0.0000  0.0000 0.0000  0.0071    nan  0.0000 0.0000                      0.0000 0.0000  0.0000 0.0000  0.0000 0.0000
 8.100  0.0000 0.0000  0.0000 0.0000  0.0000 0.0000  0.0000 0.0000                      0.0000 0.0000  0.0000 0.0000  0.0000 0.0000  0.0000 0.0000                      0.0000 0.0000  0.0000 0.0000  0.0489 0.0048  0.0000 0.0000                      0.0000 0.0000  0.0000 0.0000  0.1027    nan  0.0000 0.0000                      0.0001 0.0000  0.0000 0.0000  0.0000 0.0000  0.0000 0.0000                      0.0000 0.0000  0.0000 0.0000  0.0014    nan  0.0000 0.0000                      0.0000 0.0000  0.0000 0.0000  0.0000 0.0000
 8.300  0.0000 0.0000  0.0000 0.0000  0.0000 0.0000  0.0000 0.0000                      0.0000 0.0000  0.0000 0.0000  0.0000 0.0000  0.0000 0.0000                      0.0000 0.0000  0.0000 0.0000  0.0160 0.0018  0.0000 0.0000                      0.0000 0.0000  0.0000 0.0000  0.0410    nan  0.0000 0.0000                      0.0000 0.0000  0.0000 0.0000  0.0000 0.0000  0.0000 0.0000                      0.0000 0.0000  0.0000 0.0000  0.0002    nan  0.0000 0.0000                      0.0000 0.0000  0.0000 0.0000  0.0000 0.0000
 8.500  0.0000 0.0000  0.0000 0.0000  0.0000 0.0000  0.0000 0.0000                      0.0000 0.0000  0.0000 0.0000  0.0000 0.0000  0.0000 0.0000                      0.0000 0.0000  0.0000 0.0000  0.0045 0.0006  0.0000 0.0000                      0.0000 0.0000  0.0000 0.0000  0.0144    nan  0.0000 0.0000                      0.0000 0.0000  0.0000 0.0000  0.0000 0.0000  0.0000 0.0000                      0.0000 0.0000  0.0000 0.0000  0.0000    nan  0.0000 0.0000                      0.0000 0.0000  0.0000 0.0000  0.0000 0.0000
 8.700  0.0000 0.0000  0.0000 0.0000  0.0000 0.0000  0.0000 0.0000                      0.0000 0.0000  0.0000 0.0000  0.0000 0.0000  0.0000 0.0000                      0.0000 0.0000  0.0000 0.0000  0.0011 0.0002  0.0000 0.0000                      0.0000 0.0000  0.0000 0.0000  0.0045    nan  0.0000 0.0000                      0.0000 0.0000  0.0000 0.0000  0.0000 0.0000  0.0000 0.0000                      0.0000 0.0000  0.0000 0.0000  0.0000    nan  0.0000 0.0000                      0.0000 0.0000  0.0000 0.0000  0.0000 0.0000
 9.100  0.0000 0.0000  0.0000 0.0000  0.0000 0.0000  0.0000 0.0000                      0.0000 0.0000  0.0000 0.0000  0.0000 0.0000  0.0000 0.0000                      0.0000 0.0000  0.0000 0.0000  0.0001 0.0000  0.0000 0.0000                      0.0000 0.0000  0.0000 0.0000  0.0003    nan  0.0000 0.0000                      0.0000 0.0000  0.0000 0.0000  0.0000 0.0000  0.0000 0.0000                      0.0000 0.0000  0.0000 0.0000  0.0000    nan  0.0000 0.0000                      0.0000 0.0000  0.0000 0.0000  0.0000 0.0000
 9.300  0.0000 0.0000  0.0000 0.0000  0.0000 0.0000  0.0000 0.0000                      0.0000 0.0000  0.0000 0.0000  0.0000 0.0000  0.0000 0.0000                      0.0000 0.0000  0.0000 0.0000  0.0000 0.0000  0.0000 0.0000                      0.0000 0.0000  0.0000 0.0000  0.0001    nan  0.0000 0.0000                      0.0000 0.0000  0.0000 0.0000  0.0000 0.0000  0.0000 0.0000                      0.0000 0.0000  0.0000 0.0000  0.0000    nan  0.0000 0.0000                      0.0000 0.0000  0.0000 0.0000  0.0000 0.0000
 9.500  0.0000 0.0000  0.0000 0.0000  0.0000 0.0000  0.0000 0.0000                      0.0000 0.0000  0.0000 0.0000  0.0000 0.0000  0.0000 0.0000                      0.0000 0.0000  0.0000 0.0000  0.0000 0.0000  0.0000 0.0000                      0.0000 0.0000  0.0000 0.0000  0.0000    nan  0.0000 0.0000                      0.0000 0.0000  0.0000 0.0000  0.0000 0.0000  0.0000 0.0000                      0.0000 0.0000  0.0000 0.0000  0.0000    nan  0.0000 0.0000                      0.0000 0.0000  0.0000 0.0000  0.0000 0.0000
 9.700  0.0000 0.0000  0.0000 0.0000  0.0000 0.0000  0.0000 0.0000                      0.0000 0.0000  0.0000 0.0000  0.0000 0.0000  0.0000 0.0000                      0.0000 0.0000  0.0000 0.0000  0.0000 0.0000  0.0000 0.0000                      0.0000 0.0000  0.0000 0.0000  0.0000    nan  0.0000 0.0000                      0.0000 0.0000  0.0000 0.0000  0.0000 0.0000  0.0000 0.0000                      0.0000 0.0000  0.0000 0.0000  0.0000    nan  0.0000 0.0000                      0.0000 0.0000  0.0000 0.0000  0.0000 0.0000
 9.900  0.0000 0.0000  0.0000 0.0000  0.0000 0.0000  0.0000 0.0000                      0.0000 0.0000  0.0000 0.0000  0.0000 0.0000  0.0000 0.0000                      0.0000 0.0000  0.0000 0.0000  0.0000 0.0000  0.0000 0.0000                      0.0000 0.0000  0.0000 0.0000  0.0000    nan  0.0000 0.0000                      0.0000 0.0000  0.0000 0.0000  0.0000 0.0000  0.0000 0.0000                      0.0000 0.0000  0.0000 0.0000  0.0000    nan  0.0000 0.0000                      0.0000 0.0000  0.0000 0.0000  0.0000 0.0000
# pKa and Hill coefficient method: non-linear regression
#pKa               --  4.9202 0.0912             --  4.6132 0.1104                      4.1086 0.4554  4.0626 0.3925  5.5561 0.0769  4.5989 0.0182                      4.7706 0.0404 -10.6885 70.9602  6.2653 0.1146             --                      5.4559 0.0476  4.5969 0.0372  7.3578 0.0742  4.6051 0.1123                      4.8544 0.0902  5.0110 0.0178  5.2553 0.0808  5.3201 0.0698                      5.7361 0.0823             --  6.0533 0.0406  4.2813 0.2395                                 --  4.9110 0.0784  5.0257 0.0538
#hill              --  3.0841 0.4670             --  2.1478 0.5945                      1.9431 1.0558  2.1289 0.9611  2.9046 0.3749  7.7221 0.4346                      4.3210 0.5191  0.2007 0.8955  1.0219 0.0903             --                      4.3289 0.3800  6.7341 1.2612  0.8684 0.1174  4.9941 3.4589                      1.8718 0.2649  5.7610 0.3539  1.6298 0.1333  4.1854 0.8122                      2.6363 0.2963             --  1.5205 0.1959  1.9899 0.5758                                 --  2.3338 0.3300  5.5128 0.9695
# nan/-- indicates the pKa is probably outside the given pH range
# -- may also indicate that this micro/noequiv is not implemented
