# Read 28 cphlog files (28 pH values)
#    pH nsamples
#  4.50      200
#  4.70      200
#  4.90      200
#  5.10      200
#  5.30      200
#  5.50      200
#  5.70      200
#  5.90      200
#  6.10      200
#  6.30      200
#  6.50      200
#  6.70      200
#  6.90      200
#  7.10      200
#  7.30      200
#  7.50      200
#  7.70      200
#  7.90      200
#  8.10      200
#  8.30      200
#  8.50      200
#  8.70      200
#  8.90      200
#  9.10      200
#  9.30      200
#  9.50      200
#  9.70      200
#  9.90      200
# state population method: uwham
#         PROT:36:GLU    PROT:45:GLU    PROT:50:GLU    PROT:72:GLU                        PROT:86:GLU    PROT:88:GLU    PROT:91:GLU   PROT:100:GLU                       PROT:119:GLU   PROT:162:GLU   PROT:169:GLU   PROT:203:GLU                       PROT:209:GLU   PROT:219:GLU   PROT:223:GLU   PROT:231:GLU                       PROT:239:GLU   PROT:254:GLU   PROT:269:GLU   PROT:277:GLU                       PROT:283:GLU   PROT:311:GLU   PROT:351:GLU   PROT:360:GLU                       PROT:383:GLU   PROT:411:GLU   PROT:416:GLU   PROT:420:GLU                       PROT:423:GLU   PROT:437:GLU   PROT:475:GLU   PROT:485:GLU                       PROT:494:GLU   PROT:495:GLU   PROT:509:GLU   PROT:551:GLU                       PROT:559:GLU   PROT:568:GLU   PROT:570:GLU   PROT:572:GLU
 4.500  1.0000 0.0000  0.0000 0.0000  0.2350 0.0214  0.0007 0.0001                      0.0000 0.0000  0.3437 0.0234  0.0000 0.0000  0.0000 0.0000                      0.9713 0.0033  0.9993 0.0001  0.0280 0.0033  0.5557 0.0249                      0.0000 0.0000  0.3002 0.0230  0.4835 0.0248  0.0000 0.0000                      1.0000 0.0000  0.9720 0.0033  1.0000 0.0000  0.4835 0.0248                      1.0000    nan  1.0000 0.0000  0.9720 0.0033  1.0000    nan                      0.0000 0.0000  0.0000 0.0000  0.5445 0.0246  0.4360 0.0253                      0.9873 0.0024  0.9945 0.0012  0.0000 0.0000  0.4936 0.0250                      0.0000 0.0000  1.0000    nan  0.0000 0.0000  0.0000 0.0000                      1.0000 0.0000  0.5158 0.0248  0.4396 0.0245  0.0280 0.0033
 4.700  1.0000 0.0000  0.0000 0.0000  0.3300 0.0204  0.0189 0.0027                      0.0000 0.0000  0.2938 0.0205  0.0000 0.0000  0.0000 0.0000                      0.7785 0.0197  0.9811 0.0027  0.2026 0.0184  0.5149 0.0220                      0.0000 0.0000  0.2392 0.0189  0.6108 0.0212  0.0000 0.0000                      1.0000 0.0000  0.7974 0.0184  1.0000 0.0000  0.6108 0.0212                      1.0000    nan  1.0000 0.0000  0.7970 0.0184  1.0000    nan                      0.0000 0.0000  0.0000 0.0000  0.5918 0.0220  0.2756 0.0200                      0.9165 0.0104  0.9496 0.0072  0.0000 0.0000  0.3298 0.0213                      0.0000 0.0000  1.0000    nan  0.0000 0.0000  0.0000 0.0000                      1.0000 0.0000  0.3702 0.0217  0.4023 0.0214  0.2026 0.0184
 4.900  0.9967 0.0005  0.0000 0.0000  0.5748 0.0213  0.2343 0.0206                      0.0000 0.0000  0.0881 0.0097  0.0000 0.0000  0.0000 0.0000                      0.2384 0.0205  0.7624 0.0208  0.5262 0.0226  0.1776 0.0165                      0.0000 0.0000  0.0795 0.0098  0.6555 0.0202  0.0000 0.0000                      1.0000 0.0000  0.4706 0.0225  0.9989 0.0002  0.6555 0.0202                      1.0000    nan  1.0000 0.0000  0.4619 0.0223  1.0000    nan                      0.0000 0.0000  0.0000 0.0000  0.8684 0.0129  0.0610 0.0071                      0.7648 0.0209  0.6959 0.0227  0.0000 0.0000  0.0784 0.0086                      0.0000 0.0000  1.0000    nan  0.0000 0.0000  0.0000 0.0000                      1.0000 0.0000  0.1069 0.0115  0.3511 0.0200  0.5262 0.0226
 5.100  0.8345 0.0185  0.0000 0.0000  0.2541 0.0218  0.5870 0.0229                      0.0000 0.0000  0.0044 0.0007  0.0000 0.0000  0.0000 0.0000                      0.1086 0.0113  0.2476 0.0216  0.2336 0.0207  0.0182 0.0019                      0.0000 0.0000  0.0060 0.0013  0.2406 0.0211  0.0000 0.0000                      0.9939 0.0009  0.6021 0.0223  0.9292 0.0088  0.2406 0.0211                      1.0000    nan  1.0000 0.0000  0.6396 0.0214  1.0000    nan                      0.0000 0.0000  0.0000 0.0000  0.8859 0.0125  0.0023 0.0004                      0.7771 0.0160  0.2383 0.0209  0.0000 0.0000  0.0096 0.0010                      0.0000 0.0000  1.0000    nan  0.0000 0.0000  0.0000 0.0000                      1.0000 0.0000  0.0070 0.0013  0.5928 0.0227  0.2336 0.0207
 5.300  0.1603 0.0181  0.0000 0.0000  0.0109 0.0017  0.1507 0.0171                      0.0000 0.0000  0.0000 0.0000  0.0000 0.0000  0.0000 0.0000                      0.3822 0.0203  0.0096 0.0015  0.0095 0.0014  0.0770 0.0069                      0.0000 0.0000  0.0001 0.0000  0.0095 0.0014  0.0000 0.0000                      0.9197 0.0069  0.1562 0.0173  0.5423 0.0215  0.0095 0.0014                      1.0000    nan  0.9991 0.0002  0.5072 0.0205  1.0000    nan                      0.0000 0.0000  0.0000 0.0000  0.4607 0.0207  0.0000 0.0000                      0.4556 0.0205  0.0115 0.0019  0.0000 0.0000  0.0769 0.0069                      0.0000 0.0000  1.0000    nan  0.0000 0.0000  0.0000 0.0000                      1.0000 0.0000  0.0001 0.0000  0.1507 0.0171  0.0095 0.0014
 5.500  0.0082 0.0012  0.0000 0.0000  0.0001 0.0000  0.0081 0.0011                      0.0000 0.0000  0.0000 0.0000  0.0000 0.0000  0.0000 0.0000                      0.3004 0.0183  0.0001 0.0000  0.0001 0.0000  0.1746 0.0127                      0.0000 0.0000  0.0000 0.0000  0.0001 0.0000  0.0000 0.0000                      0.7871 0.0137  0.0128 0.0029  0.3086 0.0185  0.0001 0.0000                      1.0000    nan  0.9944 0.0009  0.3064 0.0184  1.0000    nan                      0.0000 0.0000  0.0000 0.0000  0.3121 0.0176  0.0000 0.0000                      0.3121 0.0176  0.0001 0.0000  0.0000 0.0000  0.1746 0.0127                      0.0000 0.0000  1.0000    nan  0.0000 0.0000  0.0000 0.0000                      1.0000 0.0000  0.0000 0.0000  0.0081 0.0011  0.0001 0.0000
 5.700  0.0003 0.0000  0.0000 0.0000  0.0000 0.0000  0.0003 0.0000                      0.0000 0.0000  0.0000 0.0000  0.0000 0.0000  0.0000 0.0000                      0.1527 0.0118  0.0000 0.0000  0.0000 0.0000  0.2558 0.0155                      0.0000 0.0000  0.0004 0.0001  0.0000 0.0000  0.0000 0.0000                      0.6121 0.0178  0.0029 0.0015  0.1530 0.0118  0.0000 0.0000                      0.9994    nan  0.9751 0.0034  0.1529 0.0118  1.0000    nan                      0.0000 0.0000  0.0000 0.0000  0.2035 0.0140  0.0000 0.0000                      0.2044 0.0140  0.0000 0.0000  0.0000 0.0000  0.2558 0.0155                      0.0000 0.0000  0.9992    nan  0.0000 0.0000  0.0000 0.0000                      0.9991 0.0001  0.0000 0.0000  0.0003 0.0000  0.0000 0.0000
 5.900  0.0000 0.0000  0.0000 0.0000  0.0000 0.0000  0.0000 0.0000                      0.0000 0.0000  0.0000 0.0000  0.0000 0.0000  0.0000 0.0000                      0.0552 0.0050  0.0000 0.0000  0.0000 0.0000  0.2708 0.0162                      0.0000 0.0000  0.0038 0.0009  0.0000 0.0000  0.0000 0.0000                      0.4259 0.0184  0.0039 0.0007  0.0552 0.0050  0.0000 0.0000                      0.9913    nan  0.9084 0.0098  0.0552 0.0050  1.0000    nan                      0.0000 0.0000  0.0000 0.0000  0.0999 0.0085  0.0000 0.0000                      0.1129 0.0084  0.0000 0.0000  0.0000 0.0000  0.2708 0.0162                      0.0000 0.0000  0.9890    nan  0.0000 0.0000  0.0000 0.0000                      0.9869 0.0016  0.0000 0.0000  0.0000 0.0000  0.0000 0.0000
 6.100  0.0000 0.0000  0.0000 0.0000  0.0000 0.0000  0.0000 0.0000                      0.0000 0.0000  0.0000 0.0000  0.0000 0.0000  0.0000 0.0000                      0.0119 0.0013  0.0000 0.0000  0.0000 0.0000  0.1767 0.0135                      0.0000 0.0000  0.0211 0.0050  0.0000 0.0000  0.0000 0.0000                      0.2190 0.0149  0.0418 0.0046  0.0119 0.0013  0.0000 0.0000                      0.9170    nan  0.6870 0.0203  0.0119 0.0013  1.0000    nan                      0.0000 0.0000  0.0000 0.0000  0.0304 0.0032  0.0000 0.0000                      0.1461 0.0109  0.0000 0.0000  0.0000 0.0000  0.1767 0.0135                      0.0000 0.0000  0.8882    nan  0.0000 0.0000  0.0000 0.0000                      0.8825 0.0114  0.0000 0.0000  0.0000 0.0000  0.0000 0.0000
 6.300  0.0000 0.0000  0.0000 0.0000  0.0000 0.0000  0.0000 0.0000                      0.0000 0.0000  0.0000 0.0000  0.0000 0.0000  0.0000 0.0000                      0.0008 0.0001  0.0000 0.0000  0.0000 0.0000  0.0359 0.0043                      0.0000 0.0000  0.0346 0.0080  0.0000 0.0000  0.0000 0.0000                      0.0395 0.0046  0.1716 0.0123  0.0008 0.0001  0.0000 0.0000                      0.7061    nan  0.3697 0.0165  0.0008 0.0001  0.9998    nan                      0.0000 0.0000  0.0000 0.0000  0.0028 0.0004  0.0000 0.0000                      0.3062 0.0173  0.0000 0.0000  0.0000 0.0000  0.0359 0.0043                      0.0000 0.0000  0.6161    nan  0.0000 0.0000  0.0000 0.0000                      0.6805 0.0174  0.0000 0.0000  0.0000 0.0000  0.0000 0.0000
 6.500  0.0000 0.0000  0.0000 0.0000  0.0000 0.0000  0.0000 0.0000                      0.0000 0.0000  0.0000 0.0000  0.0000 0.0000  0.0000 0.0000                      0.0000 0.0000  0.0000 0.0000  0.0000 0.0000  0.0027 0.0004                      0.0000 0.0000  0.0197 0.0046  0.0000 0.0000  0.0000 0.0000                      0.0028 0.0004  0.2448 0.0149  0.0000 0.0000  0.0000 0.0000                      0.5526    nan  0.2860 0.0153  0.0000 0.0000  0.9986    nan                      0.0000 0.0000  0.0000 0.0000  0.0001 0.0000  0.0000 0.0000                      0.2763 0.0167  0.0000 0.0000  0.0000 0.0000  0.0027 0.0004                      0.0000 0.0000  0.4974    nan  0.0000 0.0000  0.0000 0.0000                      0.6681 0.0162  0.0000 0.0000  0.0000 0.0000  0.0000 0.0000
 6.700  0.0000 0.0000  0.0000 0.0000  0.0000 0.0000  0.0000 0.0000                      0.0000 0.0000  0.0000 0.0000  0.0000 0.0000  0.0000 0.0000                      0.0000 0.0000  0.0000 0.0000  0.0000 0.0000  0.0001 0.0000                      0.0000 0.0000  0.0077 0.0018  0.0000 0.0000  0.0000 0.0000                      0.0001 0.0000  0.2399 0.0145  0.0000 0.0000  0.0000 0.0000                      0.4174    nan  0.2500 0.0144  0.0000 0.0000  0.9910    nan                      0.0000 0.0000  0.0000 0.0000  0.0000 0.0000  0.0000 0.0000                      0.1739 0.0122  0.0000 0.0000  0.0000 0.0000  0.0001 0.0000                      0.0000 0.0000  0.4981    nan  0.0000 0.0000  0.0000 0.0000                      0.6829 0.0137  0.0000 0.0000  0.0000 0.0000  0.0000 0.0000
 6.900  0.0000 0.0000  0.0000 0.0000  0.0000 0.0000  0.0000 0.0000                      0.0000 0.0000  0.0000 0.0000  0.0000 0.0000  0.0000 0.0000                      0.0000 0.0000  0.0000 0.0000  0.0000 0.0000  0.0000 0.0000                      0.0000 0.0000  0.0022 0.0005  0.0000 0.0000  0.0000 0.0000                      0.0000 0.0000  0.1765 0.0120  0.0000 0.0000  0.0000 0.0000                      0.2598    nan  0.1864 0.0120  0.0000 0.0000  0.9566    nan                      0.0000 0.0000  0.0000 0.0000  0.0000 0.0000  0.0000 0.0000                      0.0830 0.0068  0.0000 0.0000  0.0000 0.0000  0.0000 0.0000                      0.0000 0.0000  0.5176    nan  0.0000 0.0000  0.0000 0.0000                      0.6120 0.0152  0.0000 0.0000  0.0000 0.0000  0.0000 0.0000
 7.100  0.0000 0.0000  0.0000 0.0000  0.0000 0.0000  0.0000 0.0000                      0.0000 0.0000  0.0000 0.0000  0.0000 0.0000  0.0000 0.0000                      0.0000 0.0000  0.0000 0.0000  0.0000 0.0000  0.0000 0.0000                      0.0000 0.0000  0.0004 0.0001  0.0000 0.0000  0.0000 0.0000                      0.0000 0.0000  0.0876 0.0072  0.0000 0.0000  0.0000 0.0000                      0.1148    nan  0.1092 0.0081  0.0000 0.0000  0.8560    nan                      0.0000 0.0000  0.0000 0.0000  0.0000 0.0000  0.0000 0.0000                      0.0271 0.0026  0.0000 0.0000  0.0000 0.0000  0.0000 0.0000                      0.0000 0.0000  0.4536    nan  0.0000 0.0000  0.0000 0.0000                      0.4781 0.0152  0.0000 0.0000  0.0000 0.0000  0.0000 0.0000
 7.300  0.0000 0.0000  0.0000 0.0000  0.0000 0.0000  0.0000 0.0000                      0.0000 0.0000  0.0000 0.0000  0.0000 0.0000  0.0000 0.0000                      0.0000 0.0000  0.0000 0.0000  0.0000 0.0000  0.0000 0.0000                      0.0000 0.0000  0.0001 0.0000  0.0000 0.0000  0.0000 0.0000                      0.0000 0.0000  0.0276 0.0027  0.0000 0.0000  0.0000 0.0000                      0.0334    nan  0.0578 0.0056  0.0000 0.0000  0.6874    nan                      0.0000 0.0000  0.0000 0.0000  0.0000 0.0000  0.0000 0.0000                      0.0058 0.0007  0.0000 0.0000  0.0000 0.0000  0.0000 0.0000                      0.0000 0.0000  0.2936    nan  0.0000 0.0000  0.0000 0.0000                      0.3966 0.0130  0.0000 0.0000  0.0000 0.0000  0.0000 0.0000
 7.500  0.0000 0.0000  0.0000 0.0000  0.0000 0.0000  0.0000 0.0000                      0.0000 0.0000  0.0000 0.0000  0.0000 0.0000  0.0000 0.0000                      0.0000 0.0000  0.0000 0.0000  0.0000 0.0000  0.0000 0.0000                      0.0000 0.0000  0.0000 0.0000  0.0000 0.0000  0.0000 0.0000                      0.0000 0.0000  0.0060 0.0006  0.0000 0.0000  0.0000 0.0000                      0.0069    nan  0.0370 0.0051  0.0000 0.0000  0.5107    nan                      0.0000 0.0000  0.0000 0.0000  0.0000 0.0000  0.0000 0.0000                      0.0009 0.0001  0.0000 0.0000  0.0000 0.0000  0.0000 0.0000                      0.0000 0.0000  0.1468    nan  0.0000 0.0000  0.0000 0.0000                      0.3856 0.0134  0.0000 0.0000  0.0000 0.0000  0.0000 0.0000
 7.700  0.0000 0.0000  0.0000 0.0000  0.0000 0.0000  0.0000 0.0000                      0.0000 0.0000  0.0000 0.0000  0.0000 0.0000  0.0000 0.0000                      0.0000 0.0000  0.0000 0.0000  0.0000 0.0000  0.0000 0.0000                      0.0000 0.0000  0.0000 0.0000  0.0000 0.0000  0.0000 0.0000                      0.0000 0.0000  0.0010 0.0001  0.0000 0.0000  0.0000 0.0000                      0.0011    nan  0.0281 0.0047  0.0000 0.0000  0.3658    nan                      0.0000 0.0000  0.0000 0.0000  0.0000 0.0000  0.0000 0.0000                      0.0001 0.0000  0.0000 0.0000  0.0000 0.0000  0.0000 0.0000                      0.0000 0.0000  0.0631    nan  0.0000 0.0000  0.0000 0.0000                      0.3749 0.0138  0.0000 0.0000  0.0000 0.0000  0.0000 0.0000
 7.900  0.0000 0.0000  0.0000 0.0000  0.0000 0.0000  0.0000 0.0000                      0.0000 0.0000  0.0000 0.0000  0.0000 0.0000  0.0000 0.0000                      0.0000 0.0000  0.0000 0.0000  0.0000 0.0000  0.0000 0.0000                      0.0000 0.0000  0.0000 0.0000  0.0000 0.0000  0.0000 0.0000                      0.0000 0.0000  0.0001 0.0000  0.0000 0.0000  0.0000 0.0000                      0.0002    nan  0.0214 0.0039  0.0000 0.0000  0.2567    nan                      0.0000 0.0000  0.0000 0.0000  0.0000 0.0000  0.0000 0.0000                      0.0000 0.0000  0.0000 0.0000  0.0000 0.0000  0.0000 0.0000                      0.0000 0.0000  0.0247    nan  0.0000 0.0000  0.0000 0.0000                      0.3277 0.0135  0.0000 0.0000  0.0000 0.0000  0.0000 0.0000
 8.100  0.0000 0.0000  0.0000 0.0000  0.0000 0.0000  0.0000 0.0000                      0.0000 0.0000  0.0000 0.0000  0.0000 0.0000  0.0000 0.0000                      0.0000 0.0000  0.0000 0.0000  0.0000 0.0000  0.0000 0.0000                      0.0000 0.0000  0.0000 0.0000  0.0000 0.0000  0.0000 0.0000                      0.0000 0.0000  0.0000 0.0000  0.0000 0.0000  0.0000 0.0000                      0.0000    nan  0.0149 0.0029  0.0000 0.0000  0.1781    nan                      0.0000 0.0000  0.0000 0.0000  0.0000 0.0000  0.0000 0.0000                      0.0000 0.0000  0.0000 0.0000  0.0000 0.0000  0.0000 0.0000                      0.0000 0.0000  0.0089    nan  0.0000 0.0000  0.0000 0.0000                      0.2477 0.0120  0.0000 0.0000  0.0000 0.0000  0.0000 0.0000
 8.300  0.0000 0.0000  0.0000 0.0000  0.0000 0.0000  0.0000 0.0000                      0.0000 0.0000  0.0000 0.0000  0.0000 0.0000  0.0000 0.0000                      0.0000 0.0000  0.0000 0.0000  0.0000 0.0000  0.0000 0.0000                      0.0000 0.0000  0.0000 0.0000  0.0000 0.0000  0.0000 0.0000                      0.0000 0.0000  0.0000 0.0000  0.0000 0.0000  0.0000 0.0000                      0.0000    nan  0.0089 0.0018  0.0000 0.0000  0.1247    nan                      0.0000 0.0000  0.0000 0.0000  0.0000 0.0000  0.0000 0.0000                      0.0000 0.0000  0.0000 0.0000  0.0000 0.0000  0.0000 0.0000                      0.0000 0.0000  0.0029    nan  0.0000 0.0000  0.0000 0.0000                      0.1563 0.0090  0.0000 0.0000  0.0000 0.0000  0.0000 0.0000
 8.500  0.0000 0.0000  0.0000 0.0000  0.0000 0.0000  0.0000 0.0000                      0.0000 0.0000  0.0000 0.0000  0.0000 0.0000  0.0000 0.0000                      0.0000 0.0000  0.0000 0.0000  0.0000 0.0000  0.0000 0.0000                      0.0000 0.0000  0.0000 0.0000  0.0000 0.0000  0.0000 0.0000                      0.0000 0.0000  0.0000 0.0000  0.0000 0.0000  0.0000 0.0000                      0.0000    nan  0.0043 0.0009  0.0000 0.0000  0.0894    nan                      0.0000 0.0000  0.0000 0.0000  0.0000 0.0000  0.0000 0.0000                      0.0000 0.0000  0.0000 0.0000  0.0000 0.0000  0.0000 0.0000                      0.0000 0.0000  0.0008    nan  0.0000 0.0000  0.0000 0.0000                      0.0788 0.0053  0.0000 0.0000  0.0000 0.0000  0.0000 0.0000
 8.700  0.0000 0.0000  0.0000 0.0000  0.0000 0.0000  0.0000 0.0000                      0.0000 0.0000  0.0000 0.0000  0.0000 0.0000  0.0000 0.0000                      0.0000 0.0000  0.0000 0.0000  0.0000 0.0000  0.0000 0.0000                      0.0000 0.0000  0.0000 0.0000  0.0000 0.0000  0.0000 0.0000                      0.0000 0.0000  0.0000 0.0000  0.0000 0.0000  0.0000 0.0000                      0.0000    nan  0.0017 0.0004  0.0000 0.0000  0.0634    nan                      0.0000 0.0000  0.0000 0.0000  0.0000 0.0000  0.0000 0.0000                      0.0000 0.0000  0.0000 0.0000  0.0000 0.0000  0.0000 0.0000                      0.0000 0.0000  0.0002    nan  0.0000 0.0000  0.0000 0.0000                      0.0308 0.0024  0.0000 0.0000  0.0000 0.0000  0.0000 0.0000
 8.900  0.0000 0.0000  0.0000 0.0000  0.0000 0.0000  0.0000 0.0000                      0.0000 0.0000  0.0000 0.0000  0.0000 0.0000  0.0000 0.0000                      0.0000 0.0000  0.0000 0.0000  0.0000 0.0000  0.0000 0.0000                      0.0000 0.0000  0.0000 0.0000  0.0000 0.0000  0.0000 0.0000                      0.0000 0.0000  0.0000 0.0000  0.0000 0.0000  0.0000 0.0000                      0.0000    nan  0.0005 0.0001  0.0000 0.0000  0.0411    nan                      0.0000 0.0000  0.0000 0.0000  0.0000 0.0000  0.0000 0.0000                      0.0000 0.0000  0.0000 0.0000  0.0000 0.0000  0.0000 0.0000                      0.0000 0.0000  0.0000    nan  0.0000 0.0000  0.0000 0.0000                      0.0092 0.0008  0.0000 0.0000  0.0000 0.0000  0.0000 0.0000
 9.100  0.0000 0.0000  0.0000 0.0000  0.0000 0.0000  0.0000 0.0000                      0.0000 0.0000  0.0000 0.0000  0.0000 0.0000  0.0000 0.0000                      0.0000 0.0000  0.0000 0.0000  0.0000 0.0000  0.0000 0.0000                      0.0000 0.0000  0.0000 0.0000  0.0000 0.0000  0.0000 0.0000                      0.0000 0.0000  0.0000 0.0000  0.0000 0.0000  0.0000 0.0000                      0.0000    nan  0.0001 0.0000  0.0000 0.0000  0.0218    nan                      0.0000 0.0000  0.0000 0.0000  0.0000 0.0000  0.0000 0.0000                      0.0000 0.0000  0.0000 0.0000  0.0000 0.0000  0.0000 0.0000                      0.0000 0.0000  0.0000    nan  0.0000 0.0000  0.0000 0.0000                      0.0021 0.0002  0.0000 0.0000  0.0000 0.0000  0.0000 0.0000
 9.300  0.0000 0.0000  0.0000 0.0000  0.0000 0.0000  0.0000 0.0000                      0.0000 0.0000  0.0000 0.0000  0.0000 0.0000  0.0000 0.0000                      0.0000 0.0000  0.0000 0.0000  0.0000 0.0000  0.0000 0.0000                      0.0000 0.0000  0.0000 0.0000  0.0000 0.0000  0.0000 0.0000                      0.0000 0.0000  0.0000 0.0000  0.0000 0.0000  0.0000 0.0000                      0.0000    nan  0.0000 0.0000  0.0000 0.0000  0.0077    nan                      0.0000 0.0000  0.0000 0.0000  0.0000 0.0000  0.0000 0.0000                      0.0000 0.0000  0.0000 0.0000  0.0000 0.0000  0.0000 0.0000                      0.0000 0.0000  0.0000    nan  0.0000 0.0000  0.0000 0.0000                      0.0003 0.0000  0.0000 0.0000  0.0000 0.0000  0.0000 0.0000
 9.500  0.0000 0.0000  0.0000 0.0000  0.0000 0.0000  0.0000 0.0000                      0.0000 0.0000  0.0000 0.0000  0.0000 0.0000  0.0000 0.0000                      0.0000 0.0000  0.0000 0.0000  0.0000 0.0000  0.0000 0.0000                      0.0000 0.0000  0.0000 0.0000  0.0000 0.0000  0.0000 0.0000                      0.0000 0.0000  0.0000 0.0000  0.0000 0.0000  0.0000 0.0000                      0.0000    nan  0.0000 0.0000  0.0000 0.0000  0.0012    nan                      0.0000 0.0000  0.0000 0.0000  0.0000 0.0000  0.0000 0.0000                      0.0000 0.0000  0.0000 0.0000  0.0000 0.0000  0.0000 0.0000                      0.0000 0.0000  0.0000    nan  0.0000 0.0000  0.0000 0.0000                      0.0000 0.0000  0.0000 0.0000  0.0000 0.0000  0.0000 0.0000
 9.700  0.0000 0.0000  0.0000 0.0000  0.0000 0.0000  0.0000 0.0000                      0.0000 0.0000  0.0000 0.0000  0.0000 0.0000  0.0000 0.0000                      0.0000 0.0000  0.0000 0.0000  0.0000 0.0000  0.0000 0.0000                      0.0000 0.0000  0.0000 0.0000  0.0000 0.0000  0.0000 0.0000                      0.0000 0.0000  0.0000 0.0000  0.0000 0.0000  0.0000 0.0000                      0.0000    nan  0.0000 0.0000  0.0000 0.0000  0.0001    nan                      0.0000 0.0000  0.0000 0.0000  0.0000 0.0000  0.0000 0.0000                      0.0000 0.0000  0.0000 0.0000  0.0000 0.0000  0.0000 0.0000                      0.0000 0.0000  0.0000    nan  0.0000 0.0000  0.0000 0.0000                      0.0000 0.0000  0.0000 0.0000  0.0000 0.0000  0.0000 0.0000
 9.900  0.0000 0.0000  0.0000 0.0000  0.0000 0.0000  0.0000 0.0000                      0.0000 0.0000  0.0000 0.0000  0.0000 0.0000  0.0000 0.0000                      0.0000 0.0000  0.0000 0.0000  0.0000 0.0000  0.0000 0.0000                      0.0000 0.0000  0.0000 0.0000  0.0000 0.0000  0.0000 0.0000                      0.0000 0.0000  0.0000 0.0000  0.0000 0.0000  0.0000 0.0000                      0.0000    nan  0.0000 0.0000  0.0000 0.0000  0.0000    nan                      0.0000 0.0000  0.0000 0.0000  0.0000 0.0000  0.0000 0.0000                      0.0000 0.0000  0.0000 0.0000  0.0000 0.0000  0.0000 0.0000                      0.0000 0.0000  0.0000    nan  0.0000 0.0000  0.0000 0.0000                      0.0000 0.0000  0.0000 0.0000  0.0000 0.0000  0.0000 0.0000
# pKa and Hill coefficient method: non-linear regression
#pKa    5.2159 0.0084             --  4.4081 0.3080 -5.9565 43.6466                                 --  4.4607 0.0942             --             --                      4.8306 0.0707  4.9917 0.0115  1.9319 6.5213  4.6236 0.1096                                 -- -101.9605 2228.5878  4.8637 0.1105             --                      5.7494 0.0493  4.9868 0.0719  5.4395 0.0540  4.8637 0.1105                      6.5895 0.0191  6.3289 0.0506  5.1654 0.0794  7.5716 0.0209                                 --             --  5.3548 0.0753  4.5084 0.0671                      5.3904 0.0709  4.9551 0.0288             --  4.5379 0.1183                                 --  6.7808 0.0625             --             --                      7.3029 0.0812  4.5603 0.0640  4.6038 0.1420  1.9319 6.5213
#hill   7.4928 0.2378             --  1.8708 0.9562  0.2996 1.1681                                 --  3.4486 0.7886             --             --                      4.3204 1.3909  6.2823 0.2594  0.5603 1.2476  3.3036 1.0606                                 --  0.0302 0.6231  3.9642 1.4859             --                      3.7359 0.3210  3.0040 0.5557  4.9482 0.7576  3.9642 1.4859                      1.7347 0.1178  2.6397 0.2447  2.4645 0.2665  1.4209 0.0858                                 --             --  2.4363 0.3656  4.2038 0.7477                      1.6633 0.1566  6.7273 0.5852             --  3.3950 1.0205                                 --  0.9731 0.1262             --             --                      1.6458 0.1194  3.5688 0.7197  2.9892 0.6325  0.5603 1.2476
# nan/-- indicates the pKa is probably outside the given pH range
# -- may also indicate that this micro/noequiv is not implemented
