# Read 28 cphlog files (28 pH values)
#    pH nsamples
#  4.50      200
#  4.70      200
#  4.90      200
#  5.10      200
#  5.30      200
#  5.50      200
#  5.70      200
#  5.90      200
#  6.10      200
#  6.30      200
#  6.50      200
#  6.70      200
#  6.90      200
#  7.10      200
#  7.30      200
#  7.50      200
#  7.70      200
#  7.90      200
#  8.10      200
#  8.30      200
#  8.50      200
#  8.70      200
#  8.90      200
#  9.10      200
#  9.30      200
#  9.50      200
#  9.70      200
#  9.90      200
# state population method: uwham
#         PROT:78:HIS   PROT:131:HIS   PROT:132:HIS   PROT:184:HIS
 4.500  0.0000 0.0000  1.0000 0.0000  0.4555 0.0246  1.0000 0.0000
 4.700  0.0000 0.0000  1.0000 0.0000  0.4082 0.0220  1.0000 0.0000
 4.900  0.0000 0.0000  1.0000 0.0000  0.1293 0.0130  0.9976 0.0004
 5.100  0.0000 0.0000  0.9935 0.0009  0.0069 0.0010  0.8847 0.0135
 5.300  0.0000 0.0000  0.9231 0.0069  0.0000 0.0000  0.4422 0.0204
 5.500  0.0000 0.0000  0.8253 0.0127  0.0000 0.0000  0.3936 0.0170
 5.700  0.0000 0.0000  0.7425 0.0155  0.0000 0.0000  0.4800 0.0171
 5.900  0.0000 0.0000  0.7045 0.0161  0.0000 0.0000  0.5922 0.0174
 6.100  0.0000 0.0000  0.5845 0.0191  0.0000 0.0000  0.6184 0.0160
 6.300  0.0000 0.0000  0.2098 0.0167  0.0000 0.0000  0.4028 0.0178
 6.500  0.0000 0.0000  0.0749 0.0053  0.0000 0.0000  0.2760 0.0152
 6.700  0.0000 0.0000  0.1073 0.0086  0.0000 0.0000  0.2195 0.0138
 6.900  0.0000 0.0000  0.1813 0.0127  0.0000 0.0000  0.1491 0.0109
 7.100  0.0000 0.0000  0.2173 0.0140  0.0000 0.0000  0.0711 0.0063
 7.300  0.0000 0.0000  0.1679 0.0122  0.0000 0.0000  0.0219 0.0022
 7.500  0.0000 0.0000  0.0905 0.0076  0.0000 0.0000  0.0047 0.0005
 7.700  0.0000 0.0000  0.0384 0.0036  0.0000 0.0000  0.0008 0.0001
 7.900  0.0000 0.0000  0.0137 0.0013  0.0000 0.0000  0.0001 0.0000
 8.100  0.0000 0.0000  0.0041 0.0004  0.0000 0.0000  0.0000 0.0000
 8.300  0.0000 0.0000  0.0010 0.0001  0.0000 0.0000  0.0000 0.0000
 8.500  0.0000 0.0000  0.0002 0.0000  0.0000 0.0000  0.0000 0.0000
 8.700  0.0000 0.0000  0.0000 0.0000  0.0000 0.0000  0.0000 0.0000
 8.900  0.0000 0.0000  0.0000 0.0000  0.0000 0.0000  0.0000 0.0000
 9.100  0.0000 0.0000  0.0000 0.0000  0.0000 0.0000  0.0000 0.0000
 9.300  0.0000 0.0000  0.0000 0.0000  0.0000 0.0000  0.0000 0.0000
 9.500  0.0000 0.0000  0.0000 0.0000  0.0000 0.0000  0.0000 0.0000
 9.700  0.0000 0.0000  0.0000 0.0000  0.0000 0.0000  0.0000 0.0000
 9.900  0.0000 0.0000  0.0000 0.0000  0.0000 0.0000  0.0000 0.0000
# pKa and Hill coefficient method: non-linear regression
#pKa               --  6.0543 0.0620  4.5423 0.0890  6.0600 0.1013
#hill              --  1.9894 0.2494  3.5468 0.8619  1.9804 0.1866
# nan/-- indicates the pKa is probably outside the given pH range
# -- may also indicate that this micro/noequiv is not implemented
