# Read 28 cphlog files (28 pH values)
#    pH nsamples
#  4.50      200
#  4.70      200
#  4.90      200
#  5.10      200
#  5.30      200
#  5.50      200
#  5.70      200
#  5.90      200
#  6.10      200
#  6.30      200
#  6.50      200
#  6.70      200
#  6.90      200
#  7.10      200
#  7.30      200
#  7.50      200
#  7.70      200
#  7.90      200
#  8.10      200
#  8.30      200
#  8.50      200
#  8.70      200
#  8.90      200
#  9.10      200
#  9.30      200
#  9.50      200
#  9.70      200
#  9.90      200
# state population method: uwham
#         PROT:35:ASP    PROT:43:ASP    PROT:57:ASP    PROT:62:ASP                        PROT:63:ASP    PROT:71:ASP    PROT:95:ASP   PROT:106:ASP                       PROT:109:ASP   PROT:133:ASP   PROT:141:ASP   PROT:146:ASP                       PROT:151:ASP   PROT:158:ASP   PROT:173:ASP   PROT:182:ASP                       PROT:185:ASP   PROT:192:ASP   PROT:214:ASP   PROT:225:ASP                       PROT:228:ASP   PROT:244:ASP   PROT:258:ASP   PROT:271:ASP                       PROT:300:ASP   PROT:326:ASP   PROT:344:ASP   PROT:362:ASP                       PROT:386:ASP   PROT:406:ASP   PROT:436:ASP   PROT:460:ASP                       PROT:463:ASP   PROT:464:ASP   PROT:471:ASP   PROT:481:ASP                       PROT:489:ASP   PROT:522:ASP   PROT:536:ASP
 4.500  0.0000 0.0000  0.0000 0.0000  0.0000 0.0000  0.4562 0.0246                      0.0000 0.0000  0.0000 0.0000  0.0000 0.0000  0.5158 0.0248                      0.0000 0.0000  0.0000 0.0000  0.5158 0.0248  0.9999 0.0000                      0.0000 0.0000  0.4555 0.0246  0.0000 0.0000  0.0000 0.0000                      0.0000 0.0000  0.0000 0.0000  0.0000 0.0000  0.8600 0.0164                      0.5438 0.0246  0.0000 0.0000  1.0000    nan  0.0000 0.0000                      0.9993 0.0001  0.0000 0.0000  0.0000 0.0000  1.0000    nan                      0.0000 0.0000  0.0000 0.0000  0.0000 0.0000  0.0000 0.0000                      0.0000 0.0000  0.5158 0.0248  0.0000 0.0000  0.0000 0.0000                      1.0000 0.0000  0.0000 0.0000  0.1963 0.0197
 4.700  0.0000 0.0000  0.0000 0.0000  0.0000 0.0000  0.4271 0.0215                      0.0000 0.0000  0.0000 0.0000  0.0000 0.0000  0.3702 0.0217                      0.0000 0.0000  0.0000 0.0000  0.3702 0.0217  0.9951 0.0007                      0.0000 0.0000  0.4082 0.0220  0.0000 0.0000  0.0000 0.0000                      0.0000 0.0000  0.0000 0.0000  0.0000 0.0000  0.8558 0.0158                      0.5729 0.0215  0.0000 0.0000  1.0000    nan  0.0000 0.0000                      0.9811 0.0027  0.0000 0.0000  0.0000 0.0000  1.0000    nan                      0.0000 0.0000  0.0000 0.0000  0.0000 0.0000  0.0000 0.0000                      0.0000 0.0000  0.3702 0.0217  0.0000 0.0000  0.0000 0.0000                      1.0000 0.0000  0.0000 0.0000  0.1645 0.0166
 4.900  0.0000 0.0000  0.0000 0.0000  0.0000 0.0000  0.3637 0.0201                      0.0000 0.0000  0.0020 0.0003  0.0000 0.0000  0.1069 0.0115                      0.0000 0.0000  0.0000 0.0000  0.1069 0.0115  0.8931 0.0120                      0.0000 0.0000  0.1293 0.0130  0.0000 0.0000  0.0000 0.0000                      0.0000 0.0000  0.0000 0.0000  0.0000 0.0000  0.9397 0.0087                      0.6341 0.0202  0.0000 0.0000  1.0000    nan  0.0000 0.0000                      0.7646 0.0207  0.0000 0.0000  0.0022 0.0004  1.0000    nan                      0.0000 0.0000  0.0000 0.0000  0.0000 0.0000  0.0000 0.0000                      0.0000 0.0000  0.1069 0.0115  0.0000 0.0000  0.0000 0.0000                      0.9967 0.0005  0.0000 0.0000  0.0513 0.0070
 5.100  0.0000 0.0000  0.0000 0.0000  0.0000 0.0000  0.5952 0.0226                      0.0000 0.0000  0.0919 0.0112  0.0000 0.0000  0.0070 0.0013                      0.0000 0.0000  0.0000 0.0000  0.0070 0.0013  0.4816 0.0277                      0.0000 0.0000  0.0116 0.0011  0.0000 0.0000  0.0000 0.0000                      0.0000 0.0000  0.0000 0.0000  0.0000 0.0000  0.9942 0.0012                      0.2989 0.0201  0.0004 0.0001  1.0000    nan  0.0000 0.0000                      0.3543 0.0210  0.0000 0.0000  0.0947 0.0115  1.0000    nan                      0.0000 0.0000  0.0000 0.0000  0.0000 0.0000  0.0000 0.0000                      0.0000 0.0000  0.0070 0.0013  0.0000 0.0000  0.0000 0.0000                      0.8345 0.0185  0.0000 0.0000  0.0029 0.0005
 5.300  0.0000 0.0000  0.0000 0.0000  0.0000 0.0000  0.1532 0.0173                      0.0000 0.0000  0.4349 0.0200  0.0000 0.0000  0.0001 0.0000                      0.0000 0.0000  0.0000 0.0000  0.0001 0.0000  0.1487 0.0093                      0.0000 0.0000  0.0554 0.0057  0.0000 0.0000  0.0000 0.0000                      0.0000 0.0000  0.0000 0.0000  0.0000 0.0000  0.9925 0.0011                      0.3101 0.0183  0.0072 0.0011  1.0000    nan  0.0000 0.0000                      0.5404 0.0201  0.0000 0.0000  0.3821 0.0203  1.0000    nan                      0.0000 0.0000  0.0000 0.0000  0.0000 0.0000  0.0000 0.0000                      0.0000 0.0000  0.0001 0.0000  0.0000 0.0000  0.0000 0.0000                      0.1603 0.0181  0.0000 0.0000  0.0000 0.0000
 5.500  0.0000 0.0000  0.0000 0.0000  0.0000 0.0000  0.0090 0.0015                      0.0000 0.0000  0.4597 0.0179  0.0000 0.0000  0.0000 0.0000                      0.0000 0.0000  0.0000 0.0000  0.0000 0.0000  0.2629 0.0154                      0.0000 0.0000  0.1258 0.0108  0.0000 0.0000  0.0000 0.0000                      0.0000 0.0000  0.0000 0.0000  0.0000 0.0000  0.9747 0.0037                      0.3039 0.0176  0.0244 0.0036  1.0000    nan  0.0000 0.0000                      0.6554 0.0174  0.0000 0.0000  0.3004 0.0183  1.0000    nan                      0.0000 0.0000  0.0000 0.0000  0.0000 0.0000  0.0000 0.0000                      0.0000 0.0000  0.0000 0.0000  0.0000 0.0000  0.0000 0.0000                      0.0082 0.0012  0.0000 0.0000  0.0000 0.0000
 5.700  0.0000 0.0000  0.0000 0.0000  0.0000 0.0000  0.0005 0.0002                      0.0000 0.0000  0.3692 0.0168  0.0000 0.0000  0.0000 0.0000                      0.0000 0.0000  0.0000 0.0000  0.0000 0.0000  0.4493 0.0183                      0.0000 0.0000  0.1928 0.0138  0.0000 0.0000  0.0000 0.0000                      0.0000 0.0000  0.0000 0.0000  0.0000 0.0000  0.9455 0.0075                      0.2032 0.0140  0.0522 0.0073  1.0000    nan  0.0000 0.0000                      0.7100 0.0147  0.0000 0.0000  0.1527 0.0118  1.0000    nan                      0.0000 0.0000  0.0000 0.0000  0.0000 0.0000  0.0000 0.0000                      0.0000 0.0000  0.0000 0.0000  0.0000 0.0000  0.0000 0.0000                      0.0003 0.0000  0.0000 0.0000  0.0000 0.0000
 5.900  0.0000 0.0000  0.0000 0.0000  0.0000 0.0000  0.0000 0.0000                      0.0000 0.0000  0.2457 0.0150  0.0000 0.0000  0.0000 0.0000                      0.0000 0.0000  0.0000 0.0000  0.0000 0.0000  0.5762 0.0172                      0.0000 0.0000  0.2440 0.0152  0.0000 0.0000  0.0000 0.0000                      0.0000 0.0000  0.0000 0.0000  0.0000 0.0000  0.9130 0.0107                      0.0998 0.0085  0.0779 0.0105  1.0000    nan  0.0000 0.0000                      0.7018 0.0155  0.0000 0.0000  0.0552 0.0050  1.0000    nan                      0.0000 0.0000  0.0000 0.0000  0.0000 0.0000  0.0000 0.0000                      0.0000 0.0000  0.0000 0.0000  0.0000 0.0000  0.0000 0.0000                      0.0000 0.0000  0.0000 0.0000  0.0000 0.0000
 6.100  0.0000 0.0000  0.0000 0.0000  0.0000 0.0000  0.0000 0.0000                      0.0000 0.0000  0.1099 0.0093  0.0000 0.0000  0.0000 0.0000                      0.0000 0.0000  0.0000 0.0000  0.0000 0.0000  0.4690 0.0208                      0.0000 0.0000  0.2483 0.0165  0.0000 0.0000  0.0000 0.0000                      0.0000 0.0000  0.0000 0.0000  0.0000 0.0000  0.8410 0.0116                      0.0304 0.0032  0.0685 0.0095  0.9999    nan  0.0000 0.0000                      0.4860 0.0220  0.0000 0.0000  0.0119 0.0013  1.0000    nan                      0.0000 0.0000  0.0000 0.0000  0.0000 0.0000  0.0000 0.0000                      0.0000 0.0000  0.0000 0.0000  0.0000 0.0000  0.0000 0.0000                      0.0000 0.0000  0.0000 0.0000  0.0000 0.0000
 6.300  0.0000 0.0000  0.0000 0.0000  0.0000 0.0000  0.0000 0.0000                      0.0000 0.0000  0.0158 0.0020  0.0000 0.0000  0.0000 0.0000                      0.0000 0.0000  0.0000 0.0000  0.0000 0.0000  0.1215 0.0118                      0.0000 0.0000  0.1061 0.0117  0.0000 0.0000  0.0000 0.0000                      0.0000 0.0000  0.0000 0.0000  0.0000 0.0000  0.5908 0.0185                      0.0028 0.0004  0.0178 0.0029  0.9982    nan  0.0000 0.0000                      0.1116 0.0110  0.0000 0.0000  0.0008 0.0001  0.9998    nan                      0.0000 0.0000  0.0000 0.0000  0.0000 0.0000  0.0000 0.0000                      0.0000 0.0000  0.0000 0.0000  0.0000 0.0000  0.0000 0.0000                      0.0000 0.0000  0.0000 0.0000  0.0000 0.0000
 6.500  0.0000 0.0000  0.0000 0.0000  0.0000 0.0000  0.0000 0.0000                      0.0000 0.0000  0.0008 0.0001  0.0000 0.0000  0.0000 0.0000                      0.0000 0.0000  0.0000 0.0000  0.0000 0.0000  0.0117 0.0014                      0.0000 0.0000  0.0198 0.0028  0.0000 0.0000  0.0000 0.0000                      0.0000 0.0000  0.0000 0.0000  0.0000 0.0000  0.3662 0.0180                      0.0001 0.0000  0.0016 0.0003  0.9894    nan  0.0000 0.0000                      0.0097 0.0012  0.0000 0.0000  0.0000 0.0000  0.9989    nan                      0.0000 0.0000  0.0000 0.0000  0.0000 0.0000  0.0000 0.0000                      0.0000 0.0000  0.0000 0.0000  0.0000 0.0000  0.0000 0.0000                      0.0000 0.0000  0.0000 0.0000  0.0000 0.0000
 6.700  0.0000 0.0000  0.0000 0.0000  0.0000 0.0000  0.0000 0.0000                      0.0000 0.0000  0.0000 0.0000  0.0000 0.0000  0.0000 0.0000                      0.0000 0.0000  0.0000 0.0000  0.0000 0.0000  0.0008 0.0001                      0.0000 0.0000  0.0028 0.0004  0.0000 0.0000  0.0000 0.0000                      0.0000 0.0000  0.0000 0.0000  0.0000 0.0000  0.2369 0.0129                      0.0000 0.0000  0.0001 0.0000  0.9541    nan  0.0000 0.0000                      0.0006 0.0001  0.0000 0.0000  0.0000 0.0000  0.9940    nan                      0.0000 0.0000  0.0000 0.0000  0.0000 0.0000  0.0000 0.0000                      0.0000 0.0000  0.0000 0.0000  0.0000 0.0000  0.0000 0.0000                      0.0000 0.0000  0.0000 0.0000  0.0000 0.0000
 6.900  0.0000 0.0000  0.0000 0.0000  0.0000 0.0000  0.0000 0.0000                      0.0000 0.0000  0.0000 0.0000  0.0000 0.0000  0.0000 0.0000                      0.0000 0.0000  0.0000 0.0000  0.0000 0.0000  0.0000 0.0000                      0.0000 0.0000  0.0003 0.0000  0.0000 0.0000  0.0000 0.0000                      0.0000 0.0000  0.0000 0.0000  0.0000 0.0000  0.2008 0.0095                      0.0000 0.0000  0.0000 0.0000  0.8428    nan  0.0000 0.0000                      0.0000 0.0000  0.0000 0.0000  0.0000 0.0000  0.9748    nan                      0.0000 0.0000  0.0000 0.0000  0.0000 0.0000  0.0000 0.0000                      0.0000 0.0000  0.0000 0.0000  0.0000 0.0000  0.0000 0.0000                      0.0000 0.0000  0.0000 0.0000  0.0000 0.0000
 7.100  0.0000 0.0000  0.0000 0.0000  0.0000 0.0000  0.0000 0.0000                      0.0000 0.0000  0.0000 0.0000  0.0000 0.0000  0.0000 0.0000                      0.0000 0.0000  0.0000 0.0000  0.0000 0.0000  0.0000 0.0000                      0.0000 0.0000  0.0000 0.0000  0.0000 0.0000  0.0000 0.0000                      0.0000 0.0000  0.0000 0.0000  0.0000 0.0000  0.2677 0.0130                      0.0000 0.0000  0.0000 0.0000  0.6124    nan  0.0000 0.0000                      0.0000 0.0000  0.0000 0.0000  0.0000 0.0000  0.9251    nan                      0.0000 0.0000  0.0000 0.0000  0.0000 0.0000  0.0000 0.0000                      0.0000 0.0000  0.0000 0.0000  0.0000 0.0000  0.0000 0.0000                      0.0000 0.0000  0.0000 0.0000  0.0000 0.0000
 7.300  0.0000 0.0000  0.0000 0.0000  0.0000 0.0000  0.0000 0.0000                      0.0000 0.0000  0.0000 0.0000  0.0000 0.0000  0.0000 0.0000                      0.0000 0.0000  0.0000 0.0000  0.0000 0.0000  0.0000 0.0000                      0.0000 0.0000  0.0000 0.0000  0.0000 0.0000  0.0000 0.0000                      0.0000 0.0000  0.0000 0.0000  0.0000 0.0000  0.3560 0.0142                      0.0000 0.0000  0.0000 0.0000  0.3431    nan  0.0000 0.0000                      0.0000 0.0000  0.0000 0.0000  0.0000 0.0000  0.8514    nan                      0.0000 0.0000  0.0000 0.0000  0.0000 0.0000  0.0000 0.0000                      0.0000 0.0000  0.0000 0.0000  0.0000 0.0000  0.0000 0.0000                      0.0000 0.0000  0.0000 0.0000  0.0000 0.0000
 7.500  0.0000 0.0000  0.0000 0.0000  0.0000 0.0000  0.0000 0.0000                      0.0000 0.0000  0.0000 0.0000  0.0000 0.0000  0.0000 0.0000                      0.0000 0.0000  0.0000 0.0000  0.0000 0.0000  0.0000 0.0000                      0.0000 0.0000  0.0000 0.0000  0.0000 0.0000  0.0000 0.0000                      0.0000 0.0000  0.0000 0.0000  0.0000 0.0000  0.3837 0.0137                      0.0000 0.0000  0.0000 0.0000  0.1576    nan  0.0000 0.0000                      0.0000 0.0000  0.0000 0.0000  0.0000 0.0000  0.7840    nan                      0.0000 0.0000  0.0000 0.0000  0.0000 0.0000  0.0000 0.0000                      0.0000 0.0000  0.0000 0.0000  0.0000 0.0000  0.0000 0.0000                      0.0000 0.0000  0.0000 0.0000  0.0000 0.0000
 7.700  0.0000 0.0000  0.0000 0.0000  0.0000 0.0000  0.0000 0.0000                      0.0000 0.0000  0.0000 0.0000  0.0000 0.0000  0.0000 0.0000                      0.0000 0.0000  0.0000 0.0000  0.0000 0.0000  0.0000 0.0000                      0.0000 0.0000  0.0000 0.0000  0.0000 0.0000  0.0000 0.0000                      0.0000 0.0000  0.0000 0.0000  0.0000 0.0000  0.3638 0.0131                      0.0000 0.0000  0.0000 0.0000  0.0649    nan  0.0000 0.0000                      0.0000 0.0000  0.0000 0.0000  0.0000 0.0000  0.7348    nan                      0.0000 0.0000  0.0000 0.0000  0.0000 0.0000  0.0000 0.0000                      0.0000 0.0000  0.0000 0.0000  0.0000 0.0000  0.0000 0.0000                      0.0000 0.0000  0.0000 0.0000  0.0000 0.0000
 7.900  0.0000 0.0000  0.0000 0.0000  0.0000 0.0000  0.0000 0.0000                      0.0000 0.0000  0.0000 0.0000  0.0000 0.0000  0.0000 0.0000                      0.0000 0.0000  0.0000 0.0000  0.0000 0.0000  0.0000 0.0000                      0.0000 0.0000  0.0000 0.0000  0.0000 0.0000  0.0000 0.0000                      0.0000 0.0000  0.0000 0.0000  0.0000 0.0000  0.3316 0.0123                      0.0000 0.0000  0.0000 0.0000  0.0250    nan  0.0000 0.0000                      0.0000 0.0000  0.0000 0.0000  0.0000 0.0000  0.6946    nan                      0.0000 0.0000  0.0000 0.0000  0.0000 0.0000  0.0000 0.0000                      0.0000 0.0000  0.0000 0.0000  0.0000 0.0000  0.0000 0.0000                      0.0000 0.0000  0.0000 0.0000  0.0000 0.0000
 8.100  0.0000 0.0000  0.0000 0.0000  0.0000 0.0000  0.0000 0.0000                      0.0000 0.0000  0.0000 0.0000  0.0000 0.0000  0.0000 0.0000                      0.0000 0.0000  0.0000 0.0000  0.0000 0.0000  0.0000 0.0000                      0.0000 0.0000  0.0000 0.0000  0.0000 0.0000  0.0000 0.0000                      0.0000 0.0000  0.0000 0.0000  0.0000 0.0000  0.3026 0.0118                      0.0000 0.0000  0.0000 0.0000  0.0089    nan  0.0000 0.0000                      0.0000 0.0000  0.0000 0.0000  0.0000 0.0000  0.6479    nan                      0.0000 0.0000  0.0000 0.0000  0.0000 0.0000  0.0000 0.0000                      0.0000 0.0000  0.0000 0.0000  0.0000 0.0000  0.0000 0.0000                      0.0000 0.0000  0.0000 0.0000  0.0000 0.0000
 8.300  0.0000 0.0000  0.0000 0.0000  0.0000 0.0000  0.0000 0.0000                      0.0000 0.0000  0.0000 0.0000  0.0000 0.0000  0.0000 0.0000                      0.0000 0.0000  0.0000 0.0000  0.0000 0.0000  0.0000 0.0000                      0.0000 0.0000  0.0000 0.0000  0.0000 0.0000  0.0000 0.0000                      0.0000 0.0000  0.0000 0.0000  0.0000 0.0000  0.2736 0.0117                      0.0000 0.0000  0.0000 0.0000  0.0029    nan  0.0000 0.0000                      0.0000 0.0000  0.0000 0.0000  0.0000 0.0000  0.5833    nan                      0.0000 0.0000  0.0000 0.0000  0.0000 0.0000  0.0000 0.0000                      0.0000 0.0000  0.0000 0.0000  0.0000 0.0000  0.0000 0.0000                      0.0000 0.0000  0.0000 0.0000  0.0000 0.0000
 8.500  0.0000 0.0000  0.0000 0.0000  0.0000 0.0000  0.0000 0.0000                      0.0000 0.0000  0.0000 0.0000  0.0000 0.0000  0.0000 0.0000                      0.0000 0.0000  0.0000 0.0000  0.0000 0.0000  0.0000 0.0000                      0.0000 0.0000  0.0000 0.0000  0.0000 0.0000  0.0000 0.0000                      0.0000 0.0000  0.0000 0.0000  0.0000 0.0000  0.2324 0.0117                      0.0000 0.0000  0.0000 0.0000  0.0008    nan  0.0000 0.0000                      0.0000 0.0000  0.0000 0.0000  0.0000 0.0000  0.5055    nan                      0.0000 0.0000  0.0000 0.0000  0.0000 0.0000  0.0000 0.0000                      0.0000 0.0000  0.0000 0.0000  0.0000 0.0000  0.0000 0.0000                      0.0000 0.0000  0.0000 0.0000  0.0000 0.0000
 8.700  0.0000 0.0000  0.0000 0.0000  0.0000 0.0000  0.0000 0.0000                      0.0000 0.0000  0.0000 0.0000  0.0000 0.0000  0.0000 0.0000                      0.0000 0.0000  0.0000 0.0000  0.0000 0.0000  0.0000 0.0000                      0.0000 0.0000  0.0000 0.0000  0.0000 0.0000  0.0000 0.0000                      0.0000 0.0000  0.0000 0.0000  0.0000 0.0000  0.1742 0.0108                      0.0000 0.0000  0.0000 0.0000  0.0002    nan  0.0000 0.0000                      0.0000 0.0000  0.0000 0.0000  0.0000 0.0000  0.4357    nan                      0.0000 0.0000  0.0000 0.0000  0.0000 0.0000  0.0000 0.0000                      0.0000 0.0000  0.0000 0.0000  0.0000 0.0000  0.0000 0.0000                      0.0000 0.0000  0.0000 0.0000  0.0000 0.0000
 8.900  0.0000 0.0000  0.0000 0.0000  0.0000 0.0000  0.0000 0.0000                      0.0000 0.0000  0.0000 0.0000  0.0000 0.0000  0.0000 0.0000                      0.0000 0.0000  0.0000 0.0000  0.0000 0.0000  0.0000 0.0000                      0.0000 0.0000  0.0000 0.0000  0.0000 0.0000  0.0000 0.0000                      0.0000 0.0000  0.0000 0.0000  0.0000 0.0000  0.1104 0.0084                      0.0000 0.0000  0.0000 0.0000  0.0000    nan  0.0000 0.0000                      0.0000 0.0000  0.0000 0.0000  0.0000 0.0000  0.3874    nan                      0.0000 0.0000  0.0000 0.0000  0.0000 0.0000  0.0000 0.0000                      0.0000 0.0000  0.0000 0.0000  0.0000 0.0000  0.0000 0.0000                      0.0000 0.0000  0.0000 0.0000  0.0000 0.0000
 9.100  0.0000 0.0000  0.0000 0.0000  0.0000 0.0000  0.0000 0.0000                      0.0000 0.0000  0.0000 0.0000  0.0000 0.0000  0.0000 0.0000                      0.0000 0.0000  0.0000 0.0000  0.0000 0.0000  0.0000 0.0000                      0.0000 0.0000  0.0000 0.0000  0.0000 0.0000  0.0000 0.0000                      0.0000 0.0000  0.0000 0.0000  0.0000 0.0000  0.0560 0.0050                      0.0000 0.0000  0.0000 0.0000  0.0000    nan  0.0000 0.0000                      0.0000 0.0000  0.0000 0.0000  0.0000 0.0000  0.3480    nan                      0.0000 0.0000  0.0000 0.0000  0.0000 0.0000  0.0000 0.0000                      0.0000 0.0000  0.0000 0.0000  0.0000 0.0000  0.0000 0.0000                      0.0000 0.0000  0.0000 0.0000  0.0000 0.0000
 9.300  0.0000 0.0000  0.0000 0.0000  0.0000 0.0000  0.0000 0.0000                      0.0000 0.0000  0.0000 0.0000  0.0000 0.0000  0.0000 0.0000                      0.0000 0.0000  0.0000 0.0000  0.0000 0.0000  0.0000 0.0000                      0.0000 0.0000  0.0000 0.0000  0.0000 0.0000  0.0000 0.0000                      0.0000 0.0000  0.0000 0.0000  0.0000 0.0000  0.0189 0.0020                      0.0000 0.0000  0.0000 0.0000  0.0000    nan  0.0000 0.0000                      0.0000 0.0000  0.0000 0.0000  0.0000 0.0000  0.2739    nan                      0.0000 0.0000  0.0000 0.0000  0.0000 0.0000  0.0000 0.0000                      0.0000 0.0000  0.0000 0.0000  0.0000 0.0000  0.0000 0.0000                      0.0000 0.0000  0.0000 0.0000  0.0000 0.0000
 9.500  0.0000 0.0000  0.0000 0.0000  0.0000 0.0000  0.0000 0.0000                      0.0000 0.0000  0.0000 0.0000  0.0000 0.0000  0.0000 0.0000                      0.0000 0.0000  0.0000 0.0000  0.0000 0.0000  0.0000 0.0000                      0.0000 0.0000  0.0000 0.0000  0.0000 0.0000  0.0000 0.0000                      0.0000 0.0000  0.0000 0.0000  0.0000 0.0000  0.0029 0.0004                      0.0000 0.0000  0.0000 0.0000  0.0000    nan  0.0000 0.0000                      0.0000 0.0000  0.0000 0.0000  0.0000 0.0000  0.1359    nan                      0.0000 0.0000  0.0000 0.0000  0.0000 0.0000  0.0000 0.0000                      0.0000 0.0000  0.0000 0.0000  0.0000 0.0000  0.0000 0.0000                      0.0000 0.0000  0.0000 0.0000  0.0000 0.0000
 9.700  0.0000 0.0000  0.0000 0.0000  0.0000 0.0000  0.0000 0.0000                      0.0000 0.0000  0.0000 0.0000  0.0000 0.0000  0.0000 0.0000                      0.0000 0.0000  0.0000 0.0000  0.0000 0.0000  0.0000 0.0000                      0.0000 0.0000  0.0000 0.0000  0.0000 0.0000  0.0000 0.0000                      0.0000 0.0000  0.0000 0.0000  0.0000 0.0000  0.0002 0.0000                      0.0000 0.0000  0.0000 0.0000  0.0000    nan  0.0000 0.0000                      0.0000 0.0000  0.0000 0.0000  0.0000 0.0000  0.0384    nan                      0.0000 0.0000  0.0000 0.0000  0.0000 0.0000  0.0000 0.0000                      0.0000 0.0000  0.0000 0.0000  0.0000 0.0000  0.0000 0.0000                      0.0000 0.0000  0.0000 0.0000  0.0000 0.0000
 9.900  0.0000 0.0000  0.0000 0.0000  0.0000 0.0000  0.0000 0.0000                      0.0000 0.0000  0.0000 0.0000  0.0000 0.0000  0.0000 0.0000                      0.0000 0.0000  0.0000 0.0000  0.0000 0.0000  0.0000 0.0000                      0.0000 0.0000  0.0000 0.0000  0.0000 0.0000  0.0000 0.0000                      0.0000 0.0000  0.0000 0.0000  0.0000 0.0000  0.0000 0.0000                      0.0000 0.0000  0.0000 0.0000  0.0000    nan  0.0000 0.0000                      0.0000 0.0000  0.0000 0.0000  0.0000 0.0000  0.0067    nan                      0.0000 0.0000  0.0000 0.0000  0.0000 0.0000  0.0000 0.0000                      0.0000 0.0000  0.0000 0.0000  0.0000 0.0000  0.0000 0.0000                      0.0000 0.0000  0.0000 0.0000  0.0000 0.0000
# pKa and Hill coefficient method: non-linear regression
#pKa               --             --             --  4.6420 0.1420                                 -- -6.2232 45.7977             --  4.5603 0.0640                                 --             --  4.5603 0.0640  5.1413 0.0834                                 --  4.5401 0.1169             --             --                                 --             --             --  6.6428 0.1081                      4.9214 0.1100     nan    inf  7.1893 0.0037             --                      5.9819 0.0907             -- -3.3723 22.0634  8.5027 0.0425                                 --             --             --             --                                 --  4.5603 0.0640             --             --                      5.2159 0.0084             --  4.3391 0.1110
#hill              --             --             --  2.5900 0.6412                                 --  0.2374 0.9018             --  3.5688 0.7197                                 --             --  3.5688 0.7197  4.8108 1.5460                                 --  3.2199 0.9180             --             --                                 --             --             --  1.2277 0.1550                      1.6048 0.2178     nan    inf  2.4428 0.0453             --                      4.1197 0.8426             --  0.3152 0.7614  0.7003 0.0455                                 --             --             --             --                                 --  3.5688 0.7197             --             --                      7.4928 0.2378             --  3.1654 0.7167
# nan/-- indicates the pKa is probably outside the given pH range
# -- may also indicate that this micro/noequiv is not implemented
