# Read 27 cphlog files (27 pH values)
#    pH nsamples
#  4.50      200
#  4.70      200
#  4.90      200
#  5.10      200
#  5.30      200
#  5.50      200
#  5.70      200
#  5.90      200
#  6.10      200
#  6.30      200
#  6.50      200
#  6.70      200
#  6.90      200
#  7.10      200
#  7.30      200
#  7.50      200
#  7.70      200
#  7.90      200
#  8.10      200
#  8.30      200
#  8.50      200
#  8.70      200
#  8.90      200
#  9.10      200
#  9.30      200
#  9.70      200
#  9.90      200
# state population method: uwham
#         PROT:42:GLU    PROT:50:GLU    PROT:51:GLU    PROT:58:GLU                        PROT:59:GLU    PROT:75:GLU    PROT:81:GLU    PROT:84:GLU                       PROT:145:GLU   PROT:148:GLU   PROT:169:GLU   PROT:173:GLU                       PROT:181:GLU   PROT:189:GLU   PROT:199:GLU   PROT:213:GLU                       PROT:217:GLU   PROT:218:GLU   PROT:225:GLU   PROT:229:GLU                       PROT:246:GLU   PROT:252:GLU   PROT:261:GLU   PROT:265:GLU                       PROT:267:GLU   PROT:276:GLU   PROT:277:GLU   PROT:286:GLU                       PROT:299:GLU   PROT:304:GLU   PROT:309:GLU   PROT:334:GLU                       PROT:339:GLU   PROT:347:GLU   PROT:350:GLU   PROT:354:GLU                       PROT:365:GLU   PROT:376:GLU   PROT:404:GLU   PROT:412:GLU                       PROT:420:GLU   PROT:434:GLU   PROT:439:GLU   PROT:446:GLU                       PROT:464:GLU   PROT:475:GLU   PROT:492:GLU
 4.500  1.0000    nan  0.9981 0.0003  0.0000 0.0000  0.3301 0.0238                      0.9857 0.0020  0.0000 0.0000  0.6677 0.0239  0.3441 0.0244                      0.3321 0.0239  0.6577 0.0243  0.6578 0.0243  0.6556 0.0244                      0.3323 0.0239  0.6556 0.0244  1.0000    nan  0.8057 0.0179                      0.0001 0.0000  0.0000 0.0000  0.6577 0.0243  0.5159 0.0274                      1.0000    nan  0.0000 0.0000  0.0021 0.0004  0.9487 0.0076                      0.3164 0.0273  0.4829 0.0277  0.9992 0.0002  1.0000    nan                      0.0484 0.0074  0.9879 0.0018  0.4640 0.0278  0.0001 0.0000                      0.6639 0.0241  0.0000 0.0000  0.6577 0.0243  0.3422 0.0243                      0.8405 0.0194  0.3301 0.0238  0.3301 0.0238  0.0000 0.0000                      1.0000    nan  0.0000 0.0000  0.6614 0.0241  0.0000 0.0000                      0.9978 0.0004  0.6677 0.0239  0.2665 0.0218
 4.700  1.0000    nan  0.9573 0.0063  0.0000 0.0000  0.4941 0.0228                      0.8019 0.0196  0.0000 0.0000  0.4484 0.0218  0.6741 0.0218                      0.5376 0.0220  0.3561 0.0214  0.3652 0.0213  0.3078 0.0223                      0.5457 0.0219  0.3078 0.0223  1.0000    nan  0.6303 0.0227                      0.0058 0.0009  0.0000 0.0000  0.3631 0.0214  0.3888 0.0212                      1.0000    nan  0.0000 0.0000  0.0514 0.0070  0.8579 0.0175                      0.1103 0.0128  0.2122 0.0186  0.9741 0.0040  1.0000    nan                      0.1371 0.0170  0.8593 0.0155  0.2021 0.0181  0.0060 0.0009                      0.4255 0.0218  0.0000 0.0000  0.4302 0.0216  0.6348 0.0213                      0.7627 0.0183  0.4941 0.0228  0.4941 0.0228  0.0000 0.0000                      1.0000    nan  0.0000 0.0000  0.4352 0.0217  0.0000 0.0000                      0.9425 0.0075  0.4518 0.0219  0.3912 0.0218
 4.900  0.9999    nan  0.7987 0.0191  0.0000 0.0000  0.1662 0.0172                      0.2020 0.0200  0.0000 0.0000  0.4364 0.0217  0.7308 0.0182                      0.3497 0.0222  0.2497 0.0197  0.4332 0.0229  0.0358 0.0050                      0.4454 0.0214  0.0359 0.0050  1.0000    nan  0.7260 0.0178                      0.1183 0.0117  0.0000 0.0000  0.3860 0.0215  0.6344 0.0194                      1.0000    nan  0.0000 0.0000  0.2756 0.0208  0.9061 0.0112                      0.0082 0.0014  0.0243 0.0039  0.7827 0.0183  1.0000    nan                      0.1881 0.0139  0.5994 0.0222  0.0233 0.0038  0.1212 0.0119                      0.2816 0.0220  0.0000 0.0000  0.4300 0.0218  0.5668 0.0229                      0.4695 0.0221  0.1662 0.0172  0.1662 0.0172  0.0000 0.0000                      1.0000    nan  0.0000 0.0000  0.4312 0.0218  0.0000 0.0000                      0.6026 0.0241  0.4896 0.0213  0.5381 0.0227
 5.100  0.9955    nan  0.8111 0.0162  0.0000 0.0000  0.0094 0.0014                      0.0102 0.0015  0.0000 0.0000  0.2841 0.0194  0.4519 0.0217                      0.1202 0.0135  0.1379 0.0148  0.7029 0.0195  0.0008 0.0002                      0.3513 0.0198  0.0053 0.0007  1.0000    nan  0.7269 0.0187                      0.3681 0.0216  0.0000 0.0000  0.5257 0.0208  0.4228 0.0230                      1.0000    nan  0.0000 0.0000  0.3302 0.0196  0.9288 0.0104                      0.0001 0.0000  0.0006 0.0002  0.6069 0.0208  1.0000    nan                      0.3690 0.0214  0.7134 0.0193  0.0006 0.0002  0.3701 0.0216                      0.0755 0.0093  0.0000 0.0000  0.2838 0.0194  0.2926 0.0196                      0.3484 0.0198  0.0094 0.0014  0.0094 0.0014  0.0000 0.0000                      0.9964    nan  0.0000 0.0000  0.2838 0.0194  0.0000 0.0000                      0.2935 0.0196  0.3998 0.0211  0.7506 0.0180
 5.300  0.8620    nan  0.7515 0.0199  0.0009 0.0002  0.0002 0.0000                      0.0022 0.0003  0.0000 0.0000  0.1468 0.0148  0.4206 0.0223                      0.0247 0.0035  0.0325 0.0043  0.7162 0.0200  0.0000 0.0000                      0.3733 0.0212  0.1341 0.0168  1.0000    nan  0.5962 0.0231                      0.5634 0.0226  0.0000 0.0000  0.4407 0.0232  0.1807 0.0159                      0.9979    nan  0.0000 0.0000  0.2735 0.0203  0.7881 0.0199                      0.0000 0.0000  0.0000 0.0000  0.6054 0.0216  1.0000    nan                      0.4345 0.0228  0.7377 0.0187  0.0000 0.0000  0.4410 0.0228                      0.0085 0.0013  0.0000 0.0000  0.1468 0.0148  0.1471 0.0149                      0.2828 0.0204  0.0002 0.0000  0.0002 0.0000  0.0000 0.0000                      0.9010    nan  0.0000 0.0000  0.1468 0.0148  0.0000 0.0000                      0.1470 0.0149  0.2353 0.0185  0.7272 0.0201
 5.500  0.1411    nan  0.1270 0.0159  0.0515 0.0067  0.0000 0.0000                      0.0978 0.0108  0.0000 0.0000  0.0191 0.0029  0.5673 0.0252                      0.0008 0.0002  0.0052 0.0008  0.1768 0.0160  0.0000 0.0000                      0.3922 0.0264  0.6306 0.0226  1.0000    nan  0.0940 0.0123                      0.6339 0.0240  0.0000 0.0000  0.0613 0.0084  0.0488 0.0046                      0.8789    nan  0.0000 0.0000  0.0466 0.0070  0.1291 0.0162                      0.0000 0.0000  0.0000 0.0000  0.6180 0.0227  1.0000    nan                      0.0771 0.0104  0.1827 0.0205  0.0000 0.0000  0.1624 0.0125                      0.0001 0.0000  0.0000 0.0000  0.0165 0.0029  0.0258 0.0030                      0.1453 0.0115  0.0027 0.0004  0.0000 0.0000  0.0000 0.0000                      0.5187    nan  0.0000 0.0000  0.0164 0.0029  0.0000 0.0000                      0.0164 0.0029  0.0256 0.0040  0.1251 0.0157
 5.700  0.0014    nan  0.0013 0.0002  0.1599 0.0141  0.0000 0.0000                      0.2804 0.0173  0.0000 0.0000  0.0242 0.0026  0.1216 0.0134                      0.0000 0.0000  0.0222 0.0040  0.1139 0.0138  0.0000 0.0000                      0.0703 0.0089  0.2003 0.0189  1.0000    nan  0.0009 0.0002                      0.1422 0.0151  0.0000 0.0000  0.0005 0.0001  0.1501 0.0114                      0.5597    nan  0.0000 0.0000  0.0005 0.0001  0.0013 0.0002                      0.0000 0.0000  0.0000 0.0000  0.4382 0.0175  1.0000    nan                      0.0008 0.0001  0.0092 0.0021  0.0000 0.0000  0.2250 0.0167                      0.0000 0.0000  0.0000 0.0000  0.0004 0.0001  0.0605 0.0060                      0.2810 0.0173  0.0245 0.0026  0.0000 0.0000  0.0000 0.0000                      0.5758    nan  0.0000 0.0000  0.0001 0.0000  0.0000 0.0000                      0.0001 0.0000  0.0002 0.0000  0.0013 0.0002
 5.900  0.0000    nan  0.0000 0.0000  0.1554 0.0134  0.0000 0.0000                      0.2638 0.0160  0.0000 0.0000  0.0677 0.0063  0.0090 0.0012                      0.0000 0.0000  0.0360 0.0063  0.0729 0.0095  0.0003 0.0000                      0.0043 0.0006  0.0268 0.0036  1.0000    nan  0.0000 0.0000                      0.0123 0.0017  0.0000 0.0000  0.0000 0.0000  0.2286 0.0144                      0.4067    nan  0.0000 0.0000  0.0000 0.0000  0.0000 0.0000                      0.0000 0.0000  0.0000 0.0000  0.4144 0.0168  0.9998    nan                      0.0000 0.0000  0.0003 0.0001  0.0000 0.0000  0.1874 0.0146                      0.0000 0.0000  0.0000 0.0000  0.0024 0.0003  0.1268 0.0101                      0.2638 0.0160  0.0697 0.0064  0.0000 0.0000  0.0000 0.0000                      0.5891    nan  0.0000 0.0000  0.0000 0.0000  0.0000 0.0000                      0.0000 0.0000  0.0000 0.0000  0.0000 0.0000
 6.100  0.0000    nan  0.0000 0.0000  0.1087 0.0101  0.0000 0.0000                      0.1892 0.0130  0.0000 0.0000  0.1384 0.0110  0.0005 0.0001                      0.0000 0.0000  0.0405 0.0070  0.0327 0.0045  0.0029 0.0004                      0.0002 0.0000  0.0034 0.0006  1.0000    nan  0.0000 0.0000                      0.0009 0.0001  0.0000 0.0000  0.0000 0.0000  0.2484 0.0149                      0.3085    nan  0.0000 0.0000  0.0000 0.0000  0.0000 0.0000                      0.0000 0.0000  0.0000 0.0000  0.3975 0.0158  0.9983    nan                      0.0000 0.0000  0.0000 0.0000  0.0000 0.0000  0.1139 0.0100                      0.0000 0.0000  0.0000 0.0000  0.0132 0.0016  0.1991 0.0133                      0.1892 0.0130  0.1440 0.0112  0.0000 0.0000  0.0000 0.0000                      0.5652    nan  0.0000 0.0000  0.0000 0.0000  0.0000 0.0000                      0.0000 0.0000  0.0000 0.0000  0.0000 0.0000
 6.300  0.0000    nan  0.0000 0.0000  0.0587 0.0062  0.0000 0.0000                      0.1110 0.0092  0.0000 0.0000  0.2249 0.0148  0.0000 0.0000                      0.0000 0.0000  0.0339 0.0059  0.0109 0.0016  0.0198 0.0022                      0.0000 0.0000  0.0004 0.0001  1.0000    nan  0.0000 0.0000                      0.0001 0.0000  0.0000 0.0000  0.0000 0.0000  0.2036 0.0134                      0.2210    nan  0.0000 0.0000  0.0000 0.0000  0.0000 0.0000                      0.0000 0.0000  0.0000 0.0000  0.3577 0.0156  0.9868    nan                      0.0000 0.0000  0.0000 0.0000  0.0000 0.0000  0.0537 0.0054                      0.0000 0.0000  0.0000 0.0000  0.0563 0.0058  0.2519 0.0151                      0.1110 0.0092  0.2366 0.0151  0.0000 0.0000  0.0000 0.0000                      0.5183    nan  0.0000 0.0000  0.0000 0.0000  0.0000 0.0000                      0.0000 0.0000  0.0000 0.0000  0.0000 0.0000
 6.500  0.0000    nan  0.0000 0.0000  0.0207 0.0026  0.0000 0.0000                      0.0447 0.0047  0.0000 0.0000  0.2517 0.0154  0.0000 0.0000                      0.0000 0.0000  0.0178 0.0032  0.0023 0.0003  0.0899 0.0078                      0.0000 0.0000  0.0000 0.0000  1.0000    nan  0.0000 0.0000                      0.0000 0.0000  0.0000 0.0000  0.0000 0.0000  0.1058 0.0087                      0.1579    nan  0.0000 0.0000  0.0000 0.0000  0.0000 0.0000                      0.0000 0.0000  0.0000 0.0000  0.2534 0.0151  0.9331    nan                      0.0000 0.0000  0.0000 0.0000  0.0000 0.0000  0.0165 0.0019                      0.0000 0.0000  0.0000 0.0000  0.1585 0.0126  0.2171 0.0145                      0.0447 0.0047  0.2671 0.0157  0.0000 0.0000  0.0000 0.0000                      0.4846    nan  0.0000 0.0000  0.0000 0.0000  0.0000 0.0000                      0.0000 0.0000  0.0000 0.0000  0.0000 0.0000
 6.700  0.0000    nan  0.0000 0.0000  0.0038 0.0006  0.0000 0.0000                      0.0097 0.0013  0.0000 0.0000  0.1574 0.0126  0.0000 0.0000                      0.0000 0.0000  0.0047 0.0009  0.0002 0.0000  0.2166 0.0131                      0.0000 0.0000  0.0000 0.0000  1.0000    nan  0.0000 0.0000                      0.0000 0.0000  0.0000 0.0000  0.0000 0.0000  0.0277 0.0029                      0.1166    nan  0.0000 0.0000  0.0000 0.0000  0.0000 0.0000                      0.0000 0.0000  0.0000 0.0000  0.1077 0.0096  0.8249    nan                      0.0000 0.0000  0.0000 0.0000  0.0000 0.0000  0.0026 0.0003                      0.0000 0.0000  0.0000 0.0000  0.2335 0.0151  0.1012 0.0093                      0.0097 0.0013  0.1676 0.0131  0.0000 0.0000  0.0000 0.0000                      0.4626    nan  0.0000 0.0000  0.0000 0.0000  0.0000 0.0000                      0.0000 0.0000  0.0000 0.0000  0.0000 0.0000
 6.900  0.0000    nan  0.0000 0.0000  0.0004 0.0001  0.0000 0.0000                      0.0012 0.0002  0.0000 0.0000  0.0598 0.0063  0.0000 0.0000                      0.0000 0.0000  0.0007 0.0001  0.0000 0.0000  0.2968 0.0143                      0.0000 0.0000  0.0000 0.0000  1.0000    nan  0.0000 0.0000                      0.0000 0.0000  0.0000 0.0000  0.0000 0.0000  0.0039 0.0005                      0.0859    nan  0.0000 0.0000  0.0000 0.0000  0.0000 0.0000                      0.0000 0.0000  0.0000 0.0000  0.0281 0.0032  0.7416    nan                      0.0000 0.0000  0.0000 0.0000  0.0000 0.0000  0.0002 0.0000                      0.0000 0.0000  0.0000 0.0000  0.1925 0.0136  0.0275 0.0031                      0.0012 0.0002  0.0634 0.0065  0.0000 0.0000  0.0000 0.0000                      0.3866    nan  0.0000 0.0000  0.0000 0.0000  0.0000 0.0000                      0.0000 0.0000  0.0000 0.0000  0.0000 0.0000
 7.100  0.0000    nan  0.0000 0.0000  0.0000 0.0000  0.0000 0.0000                      0.0001 0.0000  0.0000 0.0000  0.0177 0.0022  0.0000 0.0000                      0.0000 0.0000  0.0001 0.0000  0.0000 0.0000  0.2985 0.0139                      0.0000 0.0000  0.0000 0.0000  1.0000    nan  0.0000 0.0000                      0.0000 0.0000  0.0000 0.0000  0.0000 0.0000  0.0004 0.0000                      0.0673    nan  0.0000 0.0000  0.0000 0.0000  0.0000 0.0000                      0.0000 0.0000  0.0000 0.0000  0.0056 0.0007  0.7090    nan                      0.0000 0.0000  0.0000 0.0000  0.0000 0.0000  0.0000 0.0000                      0.0000 0.0000  0.0000 0.0000  0.1138 0.0093  0.0056 0.0007                      0.0001 0.0000  0.0186 0.0023  0.0000 0.0000  0.0000 0.0000                      0.2759    nan  0.0000 0.0000  0.0000 0.0000  0.0000 0.0000                      0.0000 0.0000  0.0000 0.0000  0.0000 0.0000
 7.300  0.0000    nan  0.0000 0.0000  0.0000 0.0000  0.0000 0.0000                      0.0000 0.0000  0.0000 0.0000  0.0045 0.0007  0.0000 0.0000                      0.0000 0.0000  0.0000 0.0000  0.0000 0.0000  0.2497 0.0127                      0.0000 0.0000  0.0000 0.0000  0.9998    nan  0.0000 0.0000                      0.0000 0.0000  0.0000 0.0000  0.0000 0.0000  0.0000 0.0000                      0.0608    nan  0.0000 0.0000  0.0000 0.0000  0.0000 0.0000                      0.0000 0.0000  0.0000 0.0000  0.0009 0.0001  0.6905    nan                      0.0000 0.0000  0.0000 0.0000  0.0000 0.0000  0.0000 0.0000                      0.0000 0.0000  0.0000 0.0000  0.0542 0.0049  0.0009 0.0001                      0.0000 0.0000  0.0047 0.0007  0.0000 0.0000  0.0000 0.0000                      0.1717    nan  0.0000 0.0000  0.0000 0.0000  0.0000 0.0000                      0.0000 0.0000  0.0000 0.0000  0.0000 0.0000
 7.500  0.0000    nan  0.0000 0.0000  0.0000 0.0000  0.0000 0.0000                      0.0000 0.0000  0.0000 0.0000  0.0010 0.0002  0.0000 0.0000                      0.0000 0.0000  0.0000 0.0000  0.0000 0.0000  0.1790 0.0105                      0.0000 0.0000  0.0000 0.0000  0.9993    nan  0.0000 0.0000                      0.0000 0.0000  0.0000 0.0000  0.0000 0.0000  0.0000 0.0000                      0.0663    nan  0.0000 0.0000  0.0000 0.0000  0.0000 0.0000                      0.0000 0.0000  0.0000 0.0000  0.0001 0.0000  0.6470    nan                      0.0000 0.0000  0.0000 0.0000  0.0000 0.0000  0.0000 0.0000                      0.0000 0.0000  0.0000 0.0000  0.0212 0.0021  0.0001 0.0000                      0.0000 0.0000  0.0010 0.0002  0.0000 0.0000  0.0000 0.0000                      0.0927    nan  0.0000 0.0000  0.0000 0.0000  0.0000 0.0000                      0.0000 0.0000  0.0000 0.0000  0.0000 0.0000
 7.700  0.0000    nan  0.0000 0.0000  0.0000 0.0000  0.0000 0.0000                      0.0000 0.0000  0.0000 0.0000  0.0002 0.0000  0.0000 0.0000                      0.0000 0.0000  0.0000 0.0000  0.0000 0.0000  0.1103 0.0078                      0.0000 0.0000  0.0000 0.0000  0.9976    nan  0.0000 0.0000                      0.0000 0.0000  0.0000 0.0000  0.0000 0.0000  0.0000 0.0000                      0.0857    nan  0.0000 0.0000  0.0000 0.0000  0.0000 0.0000                      0.0000 0.0000  0.0000 0.0000  0.0000 0.0000  0.5604    nan                      0.0000 0.0000  0.0000 0.0000  0.0000 0.0000  0.0000 0.0000                      0.0000 0.0000  0.0000 0.0000  0.0068 0.0007  0.0000 0.0000                      0.0000 0.0000  0.0002 0.0000  0.0000 0.0000  0.0000 0.0000                      0.0426    nan  0.0000 0.0000  0.0000 0.0000  0.0000 0.0000                      0.0000 0.0000  0.0000 0.0000  0.0000 0.0000
 7.900  0.0000    nan  0.0000 0.0000  0.0000 0.0000  0.0000 0.0000                      0.0000 0.0000  0.0000 0.0000  0.0000 0.0000  0.0000 0.0000                      0.0000 0.0000  0.0000 0.0000  0.0000 0.0000  0.0585 0.0049                      0.0000 0.0000  0.0000 0.0000  0.9928    nan  0.0000 0.0000                      0.0000 0.0000  0.0000 0.0000  0.0000 0.0000  0.0000 0.0000                      0.1167    nan  0.0000 0.0000  0.0000 0.0000  0.0000 0.0000                      0.0000 0.0000  0.0000 0.0000  0.0000 0.0000  0.4412    nan                      0.0000 0.0000  0.0000 0.0000  0.0000 0.0000  0.0000 0.0000                      0.0000 0.0000  0.0000 0.0000  0.0018 0.0002  0.0000 0.0000                      0.0000 0.0000  0.0000 0.0000  0.0000 0.0000  0.0000 0.0000                      0.0165    nan  0.0000 0.0000  0.0000 0.0000  0.0000 0.0000                      0.0000 0.0000  0.0000 0.0000  0.0000 0.0000
 8.100  0.0000    nan  0.0000 0.0000  0.0000 0.0000  0.0000 0.0000                      0.0000 0.0000  0.0000 0.0000  0.0000 0.0000  0.0000 0.0000                      0.0000 0.0000  0.0000 0.0000  0.0000 0.0000  0.0269 0.0026                      0.0000 0.0000  0.0000 0.0000  0.9815    nan  0.0000 0.0000                      0.0000 0.0000  0.0000 0.0000  0.0000 0.0000  0.0000 0.0000                      0.1486    nan  0.0000 0.0000  0.0000 0.0000  0.0000 0.0000                      0.0000 0.0000  0.0000 0.0000  0.0000 0.0000  0.3162    nan                      0.0000 0.0000  0.0000 0.0000  0.0000 0.0000  0.0000 0.0000                      0.0000 0.0000  0.0000 0.0000  0.0004 0.0000  0.0000 0.0000                      0.0000 0.0000  0.0000 0.0000  0.0000 0.0000  0.0000 0.0000                      0.0054    nan  0.0000 0.0000  0.0000 0.0000  0.0000 0.0000                      0.0000 0.0000  0.0000 0.0000  0.0000 0.0000
 8.300  0.0000    nan  0.0000 0.0000  0.0000 0.0000  0.0000 0.0000                      0.0000 0.0000  0.0000 0.0000  0.0000 0.0000  0.0000 0.0000                      0.0000 0.0000  0.0000 0.0000  0.0000 0.0000  0.0107 0.0012                      0.0000 0.0000  0.0000 0.0000  0.9578    nan  0.0000 0.0000                      0.0000 0.0000  0.0000 0.0000  0.0000 0.0000  0.0000 0.0000                      0.1667    nan  0.0000 0.0000  0.0000 0.0000  0.0000 0.0000                      0.0000 0.0000  0.0000 0.0000  0.0000 0.0000  0.2082    nan                      0.0000 0.0000  0.0000 0.0000  0.0000 0.0000  0.0000 0.0000                      0.0000 0.0000  0.0000 0.0000  0.0001 0.0000  0.0000 0.0000                      0.0000 0.0000  0.0000 0.0000  0.0000 0.0000  0.0000 0.0000                      0.0015    nan  0.0000 0.0000  0.0000 0.0000  0.0000 0.0000                      0.0000 0.0000  0.0000 0.0000  0.0000 0.0000
 8.500  0.0000    nan  0.0000 0.0000  0.0000 0.0000  0.0000 0.0000                      0.0000 0.0000  0.0000 0.0000  0.0000 0.0000  0.0000 0.0000                      0.0000 0.0000  0.0000 0.0000  0.0000 0.0000  0.0037 0.0004                      0.0000 0.0000  0.0000 0.0000  0.9115    nan  0.0000 0.0000                      0.0000 0.0000  0.0000 0.0000  0.0000 0.0000  0.0000 0.0000                      0.1619    nan  0.0000 0.0000  0.0000 0.0000  0.0000 0.0000                      0.0000 0.0000  0.0000 0.0000  0.0000 0.0000  0.1270    nan                      0.0000 0.0000  0.0000 0.0000  0.0000 0.0000  0.0000 0.0000                      0.0000 0.0000  0.0000 0.0000  0.0000 0.0000  0.0000 0.0000                      0.0000 0.0000  0.0000 0.0000  0.0000 0.0000  0.0000 0.0000                      0.0003    nan  0.0000 0.0000  0.0000 0.0000  0.0000 0.0000                      0.0000 0.0000  0.0000 0.0000  0.0000 0.0000
 8.700  0.0000    nan  0.0000 0.0000  0.0000 0.0000  0.0000 0.0000                      0.0000 0.0000  0.0000 0.0000  0.0000 0.0000  0.0000 0.0000                      0.0000 0.0000  0.0000 0.0000  0.0000 0.0000  0.0011 0.0001                      0.0000 0.0000  0.0000 0.0000  0.8255    nan  0.0000 0.0000                      0.0000 0.0000  0.0000 0.0000  0.0000 0.0000  0.0000 0.0000                      0.1354    nan  0.0000 0.0000  0.0000 0.0000  0.0000 0.0000                      0.0000 0.0000  0.0000 0.0000  0.0000 0.0000  0.0715    nan                      0.0000 0.0000  0.0000 0.0000  0.0000 0.0000  0.0000 0.0000                      0.0000 0.0000  0.0000 0.0000  0.0000 0.0000  0.0000 0.0000                      0.0000 0.0000  0.0000 0.0000  0.0000 0.0000  0.0000 0.0000                      0.0001    nan  0.0000 0.0000  0.0000 0.0000  0.0000 0.0000                      0.0000 0.0000  0.0000 0.0000  0.0000 0.0000
 8.900  0.0000    nan  0.0000 0.0000  0.0000 0.0000  0.0000 0.0000                      0.0000 0.0000  0.0000 0.0000  0.0000 0.0000  0.0000 0.0000                      0.0000 0.0000  0.0000 0.0000  0.0000 0.0000  0.0003 0.0000                      0.0000 0.0000  0.0000 0.0000  0.6758    nan  0.0000 0.0000                      0.0000 0.0000  0.0000 0.0000  0.0000 0.0000  0.0000 0.0000                      0.0953    nan  0.0000 0.0000  0.0000 0.0000  0.0000 0.0000                      0.0000 0.0000  0.0000 0.0000  0.0000 0.0000  0.0358    nan                      0.0000 0.0000  0.0000 0.0000  0.0000 0.0000  0.0000 0.0000                      0.0000 0.0000  0.0000 0.0000  0.0000 0.0000  0.0000 0.0000                      0.0000 0.0000  0.0000 0.0000  0.0000 0.0000  0.0000 0.0000                      0.0000    nan  0.0000 0.0000  0.0000 0.0000  0.0000 0.0000                      0.0000 0.0000  0.0000 0.0000  0.0000 0.0000
 9.100  0.0000    nan  0.0000 0.0000  0.0000 0.0000  0.0000 0.0000                      0.0000 0.0000  0.0000 0.0000  0.0000 0.0000  0.0000 0.0000                      0.0000 0.0000  0.0000 0.0000  0.0000 0.0000  0.0001 0.0000                      0.0000 0.0000  0.0000 0.0000  0.4512    nan  0.0000 0.0000                      0.0000 0.0000  0.0000 0.0000  0.0000 0.0000  0.0000 0.0000                      0.0527    nan  0.0000 0.0000  0.0000 0.0000  0.0000 0.0000                      0.0000 0.0000  0.0000 0.0000  0.0000 0.0000  0.0146    nan                      0.0000 0.0000  0.0000 0.0000  0.0000 0.0000  0.0000 0.0000                      0.0000 0.0000  0.0000 0.0000  0.0000 0.0000  0.0000 0.0000                      0.0000 0.0000  0.0000 0.0000  0.0000 0.0000  0.0000 0.0000                      0.0000    nan  0.0000 0.0000  0.0000 0.0000  0.0000 0.0000                      0.0000 0.0000  0.0000 0.0000  0.0000 0.0000
 9.300  0.0000    nan  0.0000 0.0000  0.0000 0.0000  0.0000 0.0000                      0.0000 0.0000  0.0000 0.0000  0.0000 0.0000  0.0000 0.0000                      0.0000 0.0000  0.0000 0.0000  0.0000 0.0000  0.0000 0.0000                      0.0000 0.0000  0.0000 0.0000  0.2037    nan  0.0000 0.0000                      0.0000 0.0000  0.0000 0.0000  0.0000 0.0000  0.0000 0.0000                      0.0195    nan  0.0000 0.0000  0.0000 0.0000  0.0000 0.0000                      0.0000 0.0000  0.0000 0.0000  0.0000 0.0000  0.0040    nan                      0.0000 0.0000  0.0000 0.0000  0.0000 0.0000  0.0000 0.0000                      0.0000 0.0000  0.0000 0.0000  0.0000 0.0000  0.0000 0.0000                      0.0000 0.0000  0.0000 0.0000  0.0000 0.0000  0.0000 0.0000                      0.0000    nan  0.0000 0.0000  0.0000 0.0000  0.0000 0.0000                      0.0000 0.0000  0.0000 0.0000  0.0000 0.0000
 9.700  0.0000    nan  0.0000 0.0000  0.0000 0.0000  0.0000 0.0000                      0.0000 0.0000  0.0000 0.0000  0.0000 0.0000  0.0000 0.0000                      0.0000 0.0000  0.0000 0.0000  0.0000 0.0000  0.0000 0.0000                      0.0000 0.0000  0.0000 0.0000  0.0035    nan  0.0000 0.0000                      0.0000 0.0000  0.0000 0.0000  0.0000 0.0000  0.0000 0.0000                      0.0002    nan  0.0000 0.0000  0.0000 0.0000  0.0000 0.0000                      0.0000 0.0000  0.0000 0.0000  0.0000 0.0000  0.0000    nan                      0.0000 0.0000  0.0000 0.0000  0.0000 0.0000  0.0000 0.0000                      0.0000 0.0000  0.0000 0.0000  0.0000 0.0000  0.0000 0.0000                      0.0000 0.0000  0.0000 0.0000  0.0000 0.0000  0.0000 0.0000                      0.0000    nan  0.0000 0.0000  0.0000 0.0000  0.0000 0.0000                      0.0000 0.0000  0.0000 0.0000  0.0000 0.0000
 9.900  0.0000    nan  0.0000 0.0000  0.0000 0.0000  0.0000 0.0000                      0.0000 0.0000  0.0000 0.0000  0.0000 0.0000  0.0000 0.0000                      0.0000 0.0000  0.0000 0.0000  0.0000 0.0000  0.0000 0.0000                      0.0000 0.0000  0.0000 0.0000  0.0001    nan  0.0000 0.0000                      0.0000 0.0000  0.0000 0.0000  0.0000 0.0000  0.0000 0.0000                      0.0000    nan  0.0000 0.0000  0.0000 0.0000  0.0000 0.0000                      0.0000 0.0000  0.0000 0.0000  0.0000 0.0000  0.0000    nan                      0.0000 0.0000  0.0000 0.0000  0.0000 0.0000  0.0000 0.0000                      0.0000 0.0000  0.0000 0.0000  0.0000 0.0000  0.0000 0.0000                      0.0000 0.0000  0.0000 0.0000  0.0000 0.0000  0.0000 0.0000                      0.0000    nan  0.0000 0.0000  0.0000 0.0000  0.0000 0.0000                      0.0000 0.0000  0.0000 0.0000  0.0000 0.0000
# pKa and Hill coefficient method: non-linear regression
#pKa    5.4007 0.0007  5.3584 0.0389 -9.3164 44.6255  4.4870 0.1130                      4.7965 0.0451             --  4.7073 0.1290  5.0538 0.1229                      4.5690 0.1207  4.6286 0.0559  5.1920 0.1203 -98.3082 952.5685                      4.6923 0.1386  4.5831 0.0959  9.0404 0.0090  5.3119 0.0658                      1.0260 7.4811             --  4.6735 0.1400  4.7678 0.1435                      5.8843 0.0582             -- -0.5170 10.9886  5.3692 0.0347                      4.4347 0.0520  4.5180 0.0468  5.8085 0.0804  7.6920 0.0363                      3.7701 0.7440  5.3650 0.0563  4.5108 0.0470  1.4378 2.9560                      4.6524 0.0581             -- -113.3989 1444.5007  4.6354 0.1641                      4.9848 0.0956 -117.4470 1757.8136  4.4870 0.1130             --                      6.2788 0.0927             --  4.6926 0.0866             --                      4.9831 0.0300  4.7302 0.1045  4.5690 0.3273
#hill   7.9045 0.0519  8.1682 1.5268  0.2043 0.5867  4.2673 0.9439                      6.1963 1.1991             --  1.7075 0.3886  2.8963 0.5535                      3.0136 0.6508  2.4027 0.2802  2.1696 0.3042  0.0321 0.2888                      2.4558 0.4020  4.3429 1.3584  2.1164 0.0877  7.4826 2.1654                      0.5863 0.9983             --  2.9690 0.7096  1.3912 0.1934                      1.4470 0.2652             --  0.5258 1.0402  8.4507 1.3717                      4.3051 0.7440  5.1655 0.7551  2.0963 0.1764  0.8919 0.0600                      1.5407 0.8425  6.1737 1.3693  5.1206 0.7500  0.6512 0.4252                      4.2926 0.5383             --  0.0273 0.3276  1.3538 0.2479                      1.7425 0.1685  0.0289 0.4102  4.2673 0.9439             --                      0.6239 0.0840             --  3.6120 0.5857             --                      5.2409 0.3962  3.5879 0.6722  2.1975 0.9416
# nan/-- indicates the pKa is probably outside the given pH range
# -- may also indicate that this micro/noequiv is not implemented
