# Read 27 cphlog files (27 pH values)
#    pH nsamples
#  4.50      200
#  4.70      200
#  4.90      200
#  5.10      200
#  5.30      200
#  5.50      200
#  5.70      200
#  5.90      200
#  6.10      200
#  6.30      200
#  6.50      200
#  6.70      200
#  6.90      200
#  7.10      200
#  7.30      200
#  7.50      200
#  7.70      200
#  7.90      200
#  8.10      200
#  8.30      200
#  8.50      200
#  8.70      200
#  8.90      200
#  9.10      200
#  9.30      200
#  9.70      200
#  9.90      200
# state population method: uwham
#         PROT:65:HIS   PROT:114:HIS   PROT:115:HIS   PROT:128:HIS                       PROT:170:HIS   PROT:298:HIS   PROT:338:HIS
 4.500  0.0000 0.0000  1.0000    nan  0.0000 0.0000  0.4265 0.0264                      0.9979 0.0004  1.0000    nan  1.0000    nan
 4.700  0.0000 0.0000  1.0000    nan  0.0000 0.0000  0.6637 0.0205                      0.9498 0.0069  1.0000    nan  1.0000    nan
 4.900  0.0000 0.0000  1.0000    nan  0.0000 0.0000  0.5686 0.0229                      0.7431 0.0205  1.0000    nan  1.0000    nan
 5.100  0.0000 0.0000  1.0000    nan  0.0000 0.0000  0.2927 0.0196                      0.7106 0.0188  1.0000    nan  1.0000    nan
 5.300  0.0000 0.0000  0.9984    nan  0.0000 0.0000  0.1470 0.0149                      0.7567 0.0196  1.0000    nan  0.9962    nan
 5.500  0.0000 0.0000  0.9007    nan  0.0000 0.0000  0.0164 0.0029                      0.8858 0.0091  0.9973    nan  0.7753    nan
 5.700  0.0000 0.0000  0.6321    nan  0.0000 0.0000  0.0001 0.0000                      0.6964 0.0167  0.9751    nan  0.2096    nan
 5.900  0.0000 0.0000  0.5192    nan  0.0000 0.0000  0.0000 0.0000                      0.5638 0.0171  0.9273    nan  0.0319    nan
 6.100  0.0000 0.0000  0.4409    nan  0.0000 0.0000  0.0000 0.0000                      0.4908 0.0163  0.8381    nan  0.0057    nan
 6.300  0.0000 0.0000  0.3150    nan  0.0000 0.0000  0.0000 0.0000                      0.4180 0.0160  0.6727    nan  0.0011    nan
 6.500  0.0000 0.0000  0.1506    nan  0.0000 0.0000  0.0000 0.0000                      0.3020 0.0152  0.4040    nan  0.0002    nan
 6.700  0.0000 0.0000  0.0374    nan  0.0000 0.0000  0.0000 0.0000                      0.1765 0.0109  0.1450    nan  0.0000    nan
 6.900  0.0000 0.0000  0.0051    nan  0.0000 0.0000  0.0000 0.0000                      0.1182 0.0095  0.0332    nan  0.0000    nan
 7.100  0.0000 0.0000  0.0005    nan  0.0000 0.0000  0.0000 0.0000                      0.0942 0.0092  0.0061    nan  0.0000    nan
 7.300  0.0000 0.0000  0.0000    nan  0.0000 0.0000  0.0000 0.0000                      0.0703 0.0074  0.0010    nan  0.0000    nan
 7.500  0.0000 0.0000  0.0000    nan  0.0000 0.0000  0.0000 0.0000                      0.0442 0.0049  0.0001    nan  0.0000    nan
 7.700  0.0000 0.0000  0.0000    nan  0.0000 0.0000  0.0000 0.0000                      0.0228 0.0027  0.0000    nan  0.0000    nan
 7.900  0.0000 0.0000  0.0000    nan  0.0000 0.0000  0.0000 0.0000                      0.0095 0.0012  0.0000    nan  0.0000    nan
 8.100  0.0000 0.0000  0.0000    nan  0.0000 0.0000  0.0000 0.0000                      0.0033 0.0004  0.0000    nan  0.0000    nan
 8.300  0.0000 0.0000  0.0000    nan  0.0000 0.0000  0.0000 0.0000                      0.0009 0.0001  0.0000    nan  0.0000    nan
 8.500  0.0000 0.0000  0.0000    nan  0.0000 0.0000  0.0000 0.0000                      0.0002 0.0000  0.0000    nan  0.0000    nan
 8.700  0.0000 0.0000  0.0000    nan  0.0000 0.0000  0.0000 0.0000                      0.0000 0.0000  0.0000    nan  0.0000    nan
 8.900  0.0000 0.0000  0.0000    nan  0.0000 0.0000  0.0000 0.0000                      0.0000 0.0000  0.0000    nan  0.0000    nan
 9.100  0.0000 0.0000  0.0000    nan  0.0000 0.0000  0.0000 0.0000                      0.0000 0.0000  0.0000    nan  0.0000    nan
 9.300  0.0000 0.0000  0.0000    nan  0.0000 0.0000  0.0000 0.0000                      0.0000 0.0000  0.0000    nan  0.0000    nan
 9.700  0.0000 0.0000  0.0000    nan  0.0000 0.0000  0.0000 0.0000                      0.0000 0.0000  0.0000    nan  0.0000    nan
 9.900  0.0000 0.0000  0.0000    nan  0.0000 0.0000  0.0000 0.0000                      0.0000 0.0000  0.0000    nan  0.0000    nan
# pKa and Hill coefficient method: non-linear regression
#pKa               --  5.9844 0.0371             --  4.8802 0.0937                      6.1407 0.0546  6.4158 0.0083  5.5974 0.0031
#hill              --  1.5058 0.1788             --  4.4220 0.8757                      1.4323 0.0687  2.4927 0.1043  5.5964 0.1664
# nan/-- indicates the pKa is probably outside the given pH range
# -- may also indicate that this micro/noequiv is not implemented
