# Read 27 cphlog files (27 pH values)
#    pH nsamples
#  4.50      200
#  4.70      200
#  4.90      200
#  5.10      200
#  5.30      200
#  5.50      200
#  5.70      200
#  5.90      200
#  6.10      200
#  6.30      200
#  6.50      200
#  6.70      200
#  6.90      200
#  7.10      200
#  7.30      200
#  7.50      200
#  7.70      200
#  7.90      200
#  8.10      200
#  8.30      200
#  8.50      200
#  8.70      200
#  8.90      200
#  9.10      200
#  9.30      200
#  9.70      200
#  9.90      200
# state population method: uwham
#         PROT:78:ASP    PROT:92:ASP    PROT:94:ASP   PROT:102:ASP                       PROT:116:ASP   PROT:122:ASP   PROT:129:ASP   PROT:141:ASP                       PROT:165:ASP   PROT:178:ASP   PROT:203:ASP   PROT:239:ASP                       PROT:259:ASP   PROT:281:ASP   PROT:288:ASP   PROT:302:ASP                       PROT:313:ASP   PROT:341:ASP   PROT:358:ASP   PROT:359:ASP                       PROT:369:ASP   PROT:375:ASP   PROT:385:ASP   PROT:387:ASP                       PROT:389:ASP   PROT:395:ASP   PROT:406:ASP   PROT:414:ASP
 4.500  0.0000 0.0000  0.0000 0.0000  0.0000 0.0000  0.0000 0.0000                      0.0000 0.0000  0.3068 0.0231  0.3323 0.0239  0.8499 0.0173                      0.3301 0.0238  0.0000 0.0000  1.0000    nan  0.3301 0.0238                      0.4254 0.0276  0.0000 0.0000  1.0000    nan  0.0000 0.0000                      0.0000 0.0000  0.9857 0.0020  0.2354 0.0235  0.6698 0.0238                      0.0000 0.0000  0.0000 0.0000  0.0000 0.0000  0.0000 0.0000                      0.0859 0.0142  0.0000 0.0000  0.0000 0.0000  0.0000 0.0000
 4.700  0.0000 0.0000  0.0000 0.0000  0.0000 0.0000  0.0000 0.0000                      0.0000 0.0000  0.4158 0.0233  0.5516 0.0218  0.8253 0.0180                      0.4941 0.0228  0.0000 0.0000  1.0000    nan  0.4941 0.0228                      0.3106 0.0192  0.0000 0.0000  1.0000    nan  0.0000 0.0000                      0.0000 0.0000  0.8034 0.0195  0.1769 0.0160  0.5001 0.0226                      0.0000 0.0000  0.0000 0.0000  0.0000 0.0000  0.0000 0.0000                      0.0725 0.0121  0.0000 0.0000  0.0000 0.0000  0.0000 0.0000
 4.900  0.0000 0.0000  0.0000 0.0000  0.0000 0.0000  0.0000 0.0000                      0.0000 0.0000  0.1172 0.0132  0.5635 0.0217  0.8421 0.0120                      0.1662 0.0172  0.0000 0.0000  1.0000    nan  0.1662 0.0172                      0.4171 0.0219  0.0000 0.0000  1.0000    nan  0.0000 0.0000                      0.0000 0.0000  0.2285 0.0197  0.1058 0.0149  0.7156 0.0174                      0.0000 0.0000  0.0000 0.0000  0.0000 0.0000  0.0000 0.0000                      0.0114 0.0022  0.0000 0.0000  0.0000 0.0000  0.0000 0.0000
 5.100  0.0000 0.0000  0.0000 0.0000  0.0000 0.0000  0.0000 0.0000                      0.0000 0.0000  0.0051 0.0008  0.7115 0.0193  0.6305 0.0216                      0.0094 0.0014  0.0000 0.0000  1.0000    nan  0.0138 0.0015                      0.2835 0.0193  0.0000 0.0000  1.0000    nan  0.0000 0.0000                      0.0000 0.0000  0.0739 0.0111  0.0204 0.0037  0.6270 0.0213                      0.0000 0.0000  0.0000 0.0000  0.0000 0.0000  0.0000 0.0000                      0.0002 0.0001  0.0000 0.0000  0.0000 0.0000  0.0000 0.0000
 5.300  0.0000 0.0000  0.0000 0.0000  0.0000 0.0000  0.0000 0.0000                      0.0000 0.0000  0.0001 0.0000  0.7152 0.0201  0.4294 0.0229                      0.0002 0.0000  0.0000 0.0000  1.0000    nan  0.1344 0.0168                      0.1468 0.0148  0.0000 0.0000  1.0000    nan  0.0000 0.0000                      0.0000 0.0000  0.0579 0.0100  0.0015 0.0003  0.5616 0.0227                      0.0000 0.0000  0.0000 0.0000  0.0000 0.0000  0.0000 0.0000                      0.0000 0.0000  0.0000 0.0000  0.0000 0.0000  0.0000 0.0000
 5.500  0.0000 0.0000  0.0000 0.0000  0.0000 0.0000  0.0000 0.0000                      0.0000 0.0000  0.0000 0.0000  0.1247 0.0157  0.1095 0.0107                      0.0000 0.0000  0.0000 0.0000  0.9951    nan  0.6306 0.0226                      0.0164 0.0029  0.0000 0.0000  1.0000    nan  0.0000 0.0000                      0.0000 0.0000  0.0980 0.0097  0.0000 0.0000  0.6945 0.0206                      0.0000 0.0000  0.0000 0.0000  0.0000 0.0000  0.0000 0.0000                      0.0000 0.0000  0.0000 0.0000  0.0000 0.0000  0.0000 0.0000
 5.700  0.0000 0.0000  0.0000 0.0000  0.0000 0.0000  0.0000 0.0000                      0.0000 0.0000  0.0000 0.0000  0.0013 0.0002  0.1584 0.0117                      0.0000 0.0000  0.0000 0.0000  0.9695    nan  0.2003 0.0189                      0.0001 0.0000  0.0000 0.0000  1.0000    nan  0.0000 0.0000                      0.0000 0.0000  0.3118 0.0174  0.0000 0.0000  0.2009 0.0190                      0.0000 0.0000  0.0000 0.0000  0.0000 0.0000  0.0000 0.0000                      0.0000 0.0000  0.0000 0.0000  0.0000 0.0000  0.0000 0.0000
 5.900  0.0000 0.0000  0.0000 0.0000  0.0000 0.0000  0.0000 0.0000                      0.0000 0.0000  0.0000 0.0000  0.0000 0.0000  0.2299 0.0144                      0.0000 0.0000  0.0000 0.0000  0.9380    nan  0.0268 0.0036                      0.0000 0.0000  0.0000 0.0000  0.9998    nan  0.0000 0.0000                      0.0000 0.0000  0.3567 0.0165  0.0000 0.0000  0.0268 0.0036                      0.0000 0.0000  0.0000 0.0000  0.0000 0.0000  0.0000 0.0000                      0.0000 0.0000  0.0000 0.0000  0.0000 0.0000  0.0000 0.0000
 6.100  0.0000 0.0000  0.0000 0.0000  0.0000 0.0000  0.0000 0.0000                      0.0000 0.0000  0.0000 0.0000  0.0000 0.0000  0.2485 0.0149                      0.0000 0.0000  0.0000 0.0000  0.8952    nan  0.0034 0.0006                      0.0000 0.0000  0.0000 0.0000  0.9980    nan  0.0000 0.0000                      0.0000 0.0000  0.3432 0.0151  0.0000 0.0000  0.0034 0.0006                      0.0000 0.0000  0.0000 0.0000  0.0000 0.0000  0.0000 0.0000                      0.0000 0.0000  0.0000 0.0000  0.0000 0.0000  0.0000 0.0000
 6.300  0.0000 0.0000  0.0000 0.0000  0.0000 0.0000  0.0000 0.0000                      0.0000 0.0000  0.0000 0.0000  0.0000 0.0000  0.2036 0.0134                      0.0000 0.0000  0.0000 0.0000  0.8160    nan  0.0004 0.0001                      0.0000 0.0000  0.0000 0.0000  0.9871    nan  0.0000 0.0000                      0.0000 0.0000  0.3277 0.0151  0.0000 0.0000  0.0004 0.0001                      0.0000 0.0000  0.0000 0.0000  0.0000 0.0000  0.0000 0.0000                      0.0000 0.0000  0.0000 0.0000  0.0000 0.0000  0.0000 0.0000
 6.500  0.0000 0.0000  0.0000 0.0000  0.0000 0.0000  0.0000 0.0000                      0.0000 0.0000  0.0000 0.0000  0.0000 0.0000  0.1059 0.0087                      0.0000 0.0000  0.0000 0.0000  0.6692    nan  0.0000 0.0000                      0.0000 0.0000  0.0000 0.0000  0.9427    nan  0.0000 0.0000                      0.0000 0.0000  0.2637 0.0154  0.0000 0.0000  0.0000 0.0000                      0.0000 0.0000  0.0000 0.0000  0.0000 0.0000  0.0000 0.0000                      0.0000 0.0000  0.0000 0.0000  0.0000 0.0000  0.0000 0.0000
 6.700  0.0000 0.0000  0.0000 0.0000  0.0000 0.0000  0.0000 0.0000                      0.0000 0.0000  0.0000 0.0000  0.0000 0.0000  0.0277 0.0029                      0.0000 0.0000  0.0000 0.0000  0.5111    nan  0.0000 0.0000                      0.0000 0.0000  0.0000 0.0000  0.8594    nan  0.0000 0.0000                      0.0000 0.0000  0.1300 0.0111  0.0000 0.0000  0.0000 0.0000                      0.0000 0.0000  0.0000 0.0000  0.0000 0.0000  0.0000 0.0000                      0.0000 0.0000  0.0000 0.0000  0.0000 0.0000  0.0000 0.0000
 6.900  0.0000 0.0000  0.0000 0.0000  0.0000 0.0000  0.0000 0.0000                      0.0000 0.0000  0.0000 0.0000  0.0000 0.0000  0.0039 0.0005                      0.0000 0.0000  0.0000 0.0000  0.4209    nan  0.0000 0.0000                      0.0000 0.0000  0.0000 0.0000  0.7886    nan  0.0000 0.0000                      0.0000 0.0000  0.0388 0.0042  0.0000 0.0000  0.0000 0.0000                      0.0000 0.0000  0.0000 0.0000  0.0000 0.0000  0.0000 0.0000                      0.0000 0.0000  0.0000 0.0000  0.0000 0.0000  0.0000 0.0000
 7.100  0.0000 0.0000  0.0000 0.0000  0.0000 0.0000  0.0000 0.0000                      0.0000 0.0000  0.0000 0.0000  0.0000 0.0000  0.0004 0.0000                      0.0000 0.0000  0.0000 0.0000  0.3503    nan  0.0000 0.0000                      0.0000 0.0000  0.0000 0.0000  0.7375    nan  0.0000 0.0000                      0.0000 0.0000  0.0086 0.0010  0.0000 0.0000  0.0000 0.0000                      0.0000 0.0000  0.0000 0.0000  0.0000 0.0000  0.0000 0.0000                      0.0000 0.0000  0.0000 0.0000  0.0000 0.0000  0.0000 0.0000
 7.300  0.0000 0.0000  0.0000 0.0000  0.0000 0.0000  0.0000 0.0000                      0.0000 0.0000  0.0000 0.0000  0.0000 0.0000  0.0000 0.0000                      0.0000 0.0000  0.0000 0.0000  0.2663    nan  0.0000 0.0000                      0.0000 0.0000  0.0000 0.0000  0.6809    nan  0.0000 0.0000                      0.0000 0.0000  0.0016 0.0002  0.0000 0.0000  0.0000 0.0000                      0.0000 0.0000  0.0000 0.0000  0.0000 0.0000  0.0000 0.0000                      0.0000 0.0000  0.0000 0.0000  0.0000 0.0000  0.0000 0.0000
 7.500  0.0000 0.0000  0.0000 0.0000  0.0000 0.0000  0.0000 0.0000                      0.0000 0.0000  0.0000 0.0000  0.0000 0.0000  0.0000 0.0000                      0.0000 0.0000  0.0000 0.0000  0.1808    nan  0.0000 0.0000                      0.0000 0.0000  0.0000 0.0000  0.6009    nan  0.0000 0.0000                      0.0000 0.0000  0.0002 0.0000  0.0000 0.0000  0.0000 0.0000                      0.0000 0.0000  0.0000 0.0000  0.0000 0.0000  0.0000 0.0000                      0.0000 0.0000  0.0000 0.0000  0.0000 0.0000  0.0000 0.0000
 7.700  0.0000 0.0000  0.0000 0.0000  0.0000 0.0000  0.0000 0.0000                      0.0000 0.0000  0.0000 0.0000  0.0000 0.0000  0.0000 0.0000                      0.0000 0.0000  0.0000 0.0000  0.1133    nan  0.0000 0.0000                      0.0000 0.0000  0.0000 0.0000  0.4937    nan  0.0000 0.0000                      0.0000 0.0000  0.0000 0.0000  0.0000 0.0000  0.0000 0.0000                      0.0000 0.0000  0.0000 0.0000  0.0000 0.0000  0.0000 0.0000                      0.0000 0.0000  0.0000 0.0000  0.0000 0.0000  0.0000 0.0000
 7.900  0.0000 0.0000  0.0000 0.0000  0.0000 0.0000  0.0000 0.0000                      0.0000 0.0000  0.0000 0.0000  0.0000 0.0000  0.0000 0.0000                      0.0000 0.0000  0.0000 0.0000  0.0696    nan  0.0000 0.0000                      0.0000 0.0000  0.0000 0.0000  0.3705    nan  0.0000 0.0000                      0.0000 0.0000  0.0000 0.0000  0.0000 0.0000  0.0000 0.0000                      0.0000 0.0000  0.0000 0.0000  0.0000 0.0000  0.0000 0.0000                      0.0000 0.0000  0.0000 0.0000  0.0000 0.0000  0.0000 0.0000
 8.100  0.0000 0.0000  0.0000 0.0000  0.0000 0.0000  0.0000 0.0000                      0.0000 0.0000  0.0000 0.0000  0.0000 0.0000  0.0000 0.0000                      0.0000 0.0000  0.0000 0.0000  0.0432    nan  0.0000 0.0000                      0.0000 0.0000  0.0000 0.0000  0.2506    nan  0.0000 0.0000                      0.0000 0.0000  0.0000 0.0000  0.0000 0.0000  0.0000 0.0000                      0.0000 0.0000  0.0000 0.0000  0.0000 0.0000  0.0000 0.0000                      0.0000 0.0000  0.0000 0.0000  0.0000 0.0000  0.0000 0.0000
 8.300  0.0000 0.0000  0.0000 0.0000  0.0000 0.0000  0.0000 0.0000                      0.0000 0.0000  0.0000 0.0000  0.0000 0.0000  0.0000 0.0000                      0.0000 0.0000  0.0000 0.0000  0.0261    nan  0.0000 0.0000                      0.0000 0.0000  0.0000 0.0000  0.1514    nan  0.0000 0.0000                      0.0000 0.0000  0.0000 0.0000  0.0000 0.0000  0.0000 0.0000                      0.0000 0.0000  0.0000 0.0000  0.0000 0.0000  0.0000 0.0000                      0.0000 0.0000  0.0000 0.0000  0.0000 0.0000  0.0000 0.0000
 8.500  0.0000 0.0000  0.0000 0.0000  0.0000 0.0000  0.0000 0.0000                      0.0000 0.0000  0.0000 0.0000  0.0000 0.0000  0.0000 0.0000                      0.0000 0.0000  0.0000 0.0000  0.0145    nan  0.0000 0.0000                      0.0000 0.0000  0.0000 0.0000  0.0810    nan  0.0000 0.0000                      0.0000 0.0000  0.0000 0.0000  0.0000 0.0000  0.0000 0.0000                      0.0000 0.0000  0.0000 0.0000  0.0000 0.0000  0.0000 0.0000                      0.0000 0.0000  0.0000 0.0000  0.0000 0.0000  0.0000 0.0000
 8.700  0.0000 0.0000  0.0000 0.0000  0.0000 0.0000  0.0000 0.0000                      0.0000 0.0000  0.0000 0.0000  0.0000 0.0000  0.0000 0.0000                      0.0000 0.0000  0.0000 0.0000  0.0071    nan  0.0000 0.0000                      0.0000 0.0000  0.0000 0.0000  0.0378    nan  0.0000 0.0000                      0.0000 0.0000  0.0000 0.0000  0.0000 0.0000  0.0000 0.0000                      0.0000 0.0000  0.0000 0.0000  0.0000 0.0000  0.0000 0.0000                      0.0000 0.0000  0.0000 0.0000  0.0000 0.0000  0.0000 0.0000
 8.900  0.0000 0.0000  0.0000 0.0000  0.0000 0.0000  0.0000 0.0000                      0.0000 0.0000  0.0000 0.0000  0.0000 0.0000  0.0000 0.0000                      0.0000 0.0000  0.0000 0.0000  0.0029    nan  0.0000 0.0000                      0.0000 0.0000  0.0000 0.0000  0.0148    nan  0.0000 0.0000                      0.0000 0.0000  0.0000 0.0000  0.0000 0.0000  0.0000 0.0000                      0.0000 0.0000  0.0000 0.0000  0.0000 0.0000  0.0000 0.0000                      0.0000 0.0000  0.0000 0.0000  0.0000 0.0000  0.0000 0.0000
 9.100  0.0000 0.0000  0.0000 0.0000  0.0000 0.0000  0.0000 0.0000                      0.0000 0.0000  0.0000 0.0000  0.0000 0.0000  0.0000 0.0000                      0.0000 0.0000  0.0000 0.0000  0.0009    nan  0.0000 0.0000                      0.0000 0.0000  0.0000 0.0000  0.0045    nan  0.0000 0.0000                      0.0000 0.0000  0.0000 0.0000  0.0000 0.0000  0.0000 0.0000                      0.0000 0.0000  0.0000 0.0000  0.0000 0.0000  0.0000 0.0000                      0.0000 0.0000  0.0000 0.0000  0.0000 0.0000  0.0000 0.0000
 9.300  0.0000 0.0000  0.0000 0.0000  0.0000 0.0000  0.0000 0.0000                      0.0000 0.0000  0.0000 0.0000  0.0000 0.0000  0.0000 0.0000                      0.0000 0.0000  0.0000 0.0000  0.0002    nan  0.0000 0.0000                      0.0000 0.0000  0.0000 0.0000  0.0009    nan  0.0000 0.0000                      0.0000 0.0000  0.0000 0.0000  0.0000 0.0000  0.0000 0.0000                      0.0000 0.0000  0.0000 0.0000  0.0000 0.0000  0.0000 0.0000                      0.0000 0.0000  0.0000 0.0000  0.0000 0.0000  0.0000 0.0000
 9.700  0.0000 0.0000  0.0000 0.0000  0.0000 0.0000  0.0000 0.0000                      0.0000 0.0000  0.0000 0.0000  0.0000 0.0000  0.0000 0.0000                      0.0000 0.0000  0.0000 0.0000  0.0000    nan  0.0000 0.0000                      0.0000 0.0000  0.0000 0.0000  0.0000    nan  0.0000 0.0000                      0.0000 0.0000  0.0000 0.0000  0.0000 0.0000  0.0000 0.0000                      0.0000 0.0000  0.0000 0.0000  0.0000 0.0000  0.0000 0.0000                      0.0000 0.0000  0.0000 0.0000  0.0000 0.0000  0.0000 0.0000
 9.900  0.0000 0.0000  0.0000 0.0000  0.0000 0.0000  0.0000 0.0000                      0.0000 0.0000  0.0000 0.0000  0.0000 0.0000  0.0000 0.0000                      0.0000 0.0000  0.0000 0.0000  0.0000    nan  0.0000 0.0000                      0.0000 0.0000  0.0000 0.0000  0.0000    nan  0.0000 0.0000                      0.0000 0.0000  0.0000 0.0000  0.0000 0.0000  0.0000 0.0000                      0.0000 0.0000  0.0000 0.0000  0.0000 0.0000  0.0000 0.0000                      0.0000 0.0000  0.0000 0.0000  0.0000 0.0000  0.0000 0.0000
# pKa and Hill coefficient method: non-linear regression
#pKa               --             --             --             --                                 --  4.4495 0.1386  5.3479 0.0889  5.2014 0.0800                      4.4870 0.1130             --  6.8234 0.0183  4.4819 0.1832                      4.5652 0.1155             --  7.6214 0.0224             --                                 --  4.8177 0.0790  4.3750 0.0876  5.5137 0.0964                                 --             --             --             --                      4.2744 0.1064             --             --             --
#hill              --             --             --             --                                 --  3.2491 1.0593  7.9024 3.4082  1.7225 0.1848                      4.2673 0.9439             --  1.0870 0.0445  2.7284 1.1014                      3.2279 0.6277             --  1.0230 0.0479             --                                 --  5.5781 2.2481  2.8651 0.4503  4.1010 0.9120                                 --             --             --             --                      4.2802 0.8032             --             --             --
# nan/-- indicates the pKa is probably outside the given pH range
# -- may also indicate that this micro/noequiv is not implemented
