# Read 27 cphlog files (27 pH values)
#    pH nsamples
#  4.50      200
#  4.70      200
#  4.90      200
#  5.10      200
#  5.30      200
#  5.50      200
#  5.70      200
#  5.90      200
#  6.10      200
#  6.30      200
#  6.50      200
#  6.70      200
#  6.90      200
#  7.10      200
#  7.30      200
#  7.70      200
#  7.90      200
#  8.10      189
#  8.30      187
#  8.50      200
#  8.70      188
#  8.90      200
#  9.10      180
#  9.30      155
#  9.50      147
#  9.70      117
#  9.90       73
# state population method: uwham
#         PROT:28:HIS    PROT:77:HIS    PROT:78:HIS   PROT:267:HIS                       PROT:284:HIS
 4.500  0.8668 0.0156  1.0000 0.0000  1.0000 0.0000  1.0000    nan                      0.0000 0.0000
 4.700  0.8442 0.0165  1.0000 0.0000  0.9999 0.0000  1.0000    nan                      0.0000 0.0000
 4.900  0.7820 0.0174  0.9999 0.0000  0.9839 0.0024  1.0000    nan                      0.0000 0.0000
 5.100  0.5321 0.0234  0.9973 0.0007  0.8218 0.0162  1.0000    nan                      0.0000 0.0000
 5.300  0.7669 0.0182  0.9809 0.0041  0.6885 0.0195  1.0000    nan                      0.0000 0.0000
 5.500  0.8723 0.0105  0.9304 0.0101  0.7323 0.0182  1.0000    nan                      0.0000 0.0000
 5.700  0.6997 0.0241  0.8227 0.0195  0.7837 0.0163  1.0000    nan                      0.0000 0.0000
 5.900  0.7416 0.0173  0.7107 0.0192  0.4942 0.0235  1.0000    nan                      0.0000 0.0000
 6.100  0.6445 0.0206  0.5484 0.0211  0.6724 0.0200  1.0000    nan                      0.0000 0.0000
 6.300  0.5384 0.0205  0.4557 0.0207  0.6618 0.0200  1.0000    nan                      0.0000 0.0000
 6.500  0.3068 0.0190  0.2207 0.0184  0.3108 0.0199  1.0000    nan                      0.0000 0.0000
 6.700  0.3213 0.0177  0.0425 0.0059  0.2726 0.0160  1.0000    nan                      0.0000 0.0000
 6.900  0.5346 0.0189  0.0129 0.0043  0.4837 0.0193  1.0000    nan                      0.0000 0.0000
 7.100  0.5822 0.0186  0.0059 0.0022  0.6336 0.0183  1.0000    nan                      0.0000 0.0000
 7.300  0.4319 0.0223  0.0019 0.0007  0.6777 0.0183  1.0000    nan                      0.0000 0.0000
 7.700  0.0139 0.0023  0.0000 0.0000  0.0818 0.0125  0.9999    nan                      0.0000 0.0000
 7.900  0.0008 0.0001  0.0000 0.0000  0.0103 0.0017  0.9996    nan                      0.0000 0.0000
 8.100  0.0000 0.0000  0.0000 0.0000  0.0011 0.0002  0.9984    nan                      0.0000 0.0000
 8.300  0.0000 0.0000  0.0000 0.0000  0.0001 0.0000  0.9946    nan                      0.0000 0.0000
 8.500  0.0000 0.0000  0.0000 0.0000  0.0000 0.0000  0.9826    nan                      0.0000 0.0000
 8.700  0.0000 0.0000  0.0000 0.0000  0.0000 0.0000  0.9483    nan                      0.0000 0.0000
 8.900  0.0000 0.0000  0.0000 0.0000  0.0000 0.0000  0.8624    nan                      0.0000 0.0000
 9.100  0.0000 0.0000  0.0000 0.0000  0.0000 0.0000  0.6974    nan                      0.0000 0.0000
 9.300  0.0000 0.0000  0.0000 0.0000  0.0000 0.0000  0.5116    nan                      0.0000 0.0000
 9.500  0.0000 0.0000  0.0000 0.0000  0.0000 0.0000  0.4296    nan                      0.0000 0.0000
 9.700  0.0000 0.0000  0.0000 0.0000  0.0000 0.0000  0.4026    nan                      0.0000 0.0000
 9.900  0.0000 0.0000  0.0000 0.0000  0.0000 0.0000  0.3295    nan                      0.0000 0.0000
# pKa and Hill coefficient method: non-linear regression
#pKa    6.2719 0.1479  6.1495 0.0292  6.4893 0.1229  9.4767 0.0430                                 --
#hill   1.6367 0.2599  2.2094 0.1293  2.0182 0.2317  1.1435 0.1343                                 --
# nan/-- indicates the pKa is probably outside the given pH range
# -- may also indicate that this micro/noequiv is not implemented
# Read 27 cphlog files (27 pH values)
#    pH nsamples
#  4.50      200
#  4.70      200
#  4.90      200
#  5.10      200
#  5.30      200
#  5.50      200
#  5.70      200
#  5.90      200
#  6.10      200
#  6.30      200
#  6.50      200
#  6.70      200
#  6.90      200
#  7.10      200
#  7.30      200
#  7.70      200
#  7.90      200
#  8.10      189
#  8.30      187
#  8.50      200
#  8.70      188
#  8.90      200
#  9.10      180
#  9.30      155
#  9.50      147
#  9.70      117
#  9.90       73
# state population method: uwham
#        PROT:284:HIS
 4.500  0.8423 0.0164  0.1577 0.0164
 4.700  0.7951 0.0185  0.2049 0.0185
 4.900  0.8925 0.0125  0.1075 0.0125
 5.100  0.9951 0.0009  0.0049 0.0009
 5.300  0.9983 0.0004  0.0017 0.0004
 5.500  0.9772 0.0042  0.0228 0.0042
 5.700  0.8506 0.0184  0.1494 0.0184
 5.900  0.8121 0.0207  0.1879 0.0207
 6.100  0.9599 0.0058  0.0401 0.0058
 6.300  0.9778 0.0055  0.0222 0.0055
 6.500  0.9376 0.0086  0.0624 0.0086
 6.700  0.8921 0.0134  0.1079 0.0134
 6.900  0.9240 0.0101  0.0760 0.0101
 7.100  0.9689 0.0046  0.0311 0.0046
 7.300  0.9889 0.0015  0.0111 0.0015
 7.700  0.9392 0.0059  0.0608 0.0059
 7.900  0.9149 0.0077  0.0851 0.0077
 8.100  0.9010 0.0087  0.0990 0.0087
 8.300  0.8981 0.0089  0.1019 0.0089
 8.500  0.9068 0.0082  0.0932 0.0082
 8.700  0.9254 0.0068  0.0746 0.0068
 8.900  0.9495 0.0048  0.0505 0.0048
 9.100  0.9705 0.0027  0.0295 0.0027
 9.300  0.9667 0.0044  0.0333 0.0044
 9.500  0.9161 0.0116  0.0839 0.0116
 9.700  0.8218 0.0210  0.1782 0.0210
 9.900  0.6703 0.0350  0.3297 0.0350
# pKa and Hill coefficient method: non-linear regression
#pKa   37.9547 234015.6858 -37.6002 707948.7231
#hill  -0.1987 1507.8907  0.0951 1507.9343
# nan/-- indicates the pKa is probably outside the given pH range
# -- may also indicate that this micro/noequiv is not implemented
# Read 27 cphlog files (27 pH values)
#    pH nsamples
#  4.50      200
#  4.70      200
#  4.90      200
#  5.10      200
#  5.30      200
#  5.50      200
#  5.70      200
#  5.90      200
#  6.10      200
#  6.30      200
#  6.50      200
#  6.70      200
#  6.90      200
#  7.10      200
#  7.30      200
#  7.70      200
#  7.90      200
#  8.10      189
#  8.30      187
#  8.50      200
#  8.70      188
#  8.90      200
#  9.10      180
#  9.30      155
#  9.50      147
#  9.70      117
#  9.90       74
# state population method: uwham
#         PROT:28:HIS
 4.500  0.0000 0.0000  0.1332 0.0156
 4.700  0.0000 0.0000  0.1558 0.0165
 4.900  0.0000 0.0000  0.2180 0.0174
 5.100  0.0000 0.0000  0.4679 0.0234
 5.300  0.0000 0.0000  0.2331 0.0182
 5.500  0.0000 0.0000  0.1277 0.0105
 5.700  0.0057 0.0011  0.2946 0.0241
 5.900  0.0968 0.0126  0.1616 0.0137
 6.100  0.1344 0.0156  0.2212 0.0177
 6.300  0.0760 0.0091  0.3856 0.0204
 6.500  0.0603 0.0087  0.6330 0.0197
 6.700  0.0738 0.0115  0.6049 0.0191
 6.900  0.0419 0.0072  0.4236 0.0181
 7.100  0.0145 0.0025  0.4033 0.0186
 7.300  0.0176 0.0026  0.5505 0.0216
 7.700  0.1730 0.0128  0.8130 0.0126
 7.900  0.1911 0.0122  0.8081 0.0122
 8.100  0.1929 0.0111  0.8071 0.0111
 8.300  0.1940 0.0105  0.8060 0.0105
 8.500  0.1996 0.0106  0.8004 0.0106
 8.700  0.2162 0.0112  0.7838 0.0112
 8.900  0.2613 0.0127  0.7387 0.0127
 9.100  0.3659 0.0165  0.6341 0.0165
 9.300  0.5073 0.0186  0.4927 0.0186
 9.500  0.5397 0.0207  0.4603 0.0207
 9.700  0.4387 0.0250  0.5613 0.0250
 9.900  0.3009 0.0255  0.6991 0.0255
# pKa and Hill coefficient method: non-linear regression
#pKa    8.1004 0.1456  6.6524 0.1132
#hill   1.0927 0.0969  0.5782 0.0745
# nan/-- indicates the pKa is probably outside the given pH range
# -- may also indicate that this micro/noequiv is not implemented
# Read 27 cphlog files (27 pH values)
#    pH nsamples
#  4.50      200
#  4.70      200
#  4.90      200
#  5.10      200
#  5.30      200
#  5.50      200
#  5.70      200
#  5.90      200
#  6.10      200
#  6.30      200
#  6.50      200
#  6.70      200
#  6.90      200
#  7.10      200
#  7.30      200
#  7.70      200
#  7.90      200
#  8.10      189
#  8.30      187
#  8.50      200
#  8.70      188
#  8.90      200
#  9.10      180
#  9.30      155
#  9.50      147
#  9.70      117
#  9.90       74
# state population method: uwham
#         PROT:77:HIS
 4.500  0.0000 0.0000  0.0000 0.0000
 4.700  0.0000 0.0000  0.0000 0.0000
 4.900  0.0001 0.0000  0.0000 0.0000
 5.100  0.0027 0.0007  0.0000 0.0000
 5.300  0.0191 0.0041  0.0000 0.0000
 5.500  0.0695 0.0101  0.0001 0.0000
 5.700  0.1645 0.0194  0.0128 0.0021
 5.900  0.0554 0.0083  0.2339 0.0193
 6.100  0.0564 0.0075  0.3952 0.0211
 6.300  0.2616 0.0201  0.2827 0.0197
 6.500  0.6962 0.0215  0.0831 0.0083
 6.700  0.8860 0.0093  0.0715 0.0078
 6.900  0.8322 0.0131  0.1549 0.0127
 7.100  0.7292 0.0173  0.2649 0.0172
 7.300  0.6035 0.0214  0.3945 0.0215
 7.700  0.8004 0.0132  0.1995 0.0132
 7.900  0.8288 0.0109  0.1712 0.0109
 8.100  0.8258 0.0111  0.1742 0.0111
 8.300  0.8314 0.0108  0.1686 0.0108
 8.500  0.8515 0.0100  0.1485 0.0100
 8.700  0.8839 0.0084  0.1161 0.0084
 8.900  0.9231 0.0060  0.0769 0.0060
 9.100  0.9587 0.0034  0.0413 0.0034
 9.300  0.9650 0.0037  0.0350 0.0037
 9.500  0.9069 0.0118  0.0931 0.0118
 9.700  0.7799 0.0233  0.2201 0.0233
 9.900  0.5878 0.0350  0.4122 0.0350
# pKa and Hill coefficient method: non-linear regression
#pKa    6.3656 0.0603  6.5277 0.1050
#hill   4.0203 1.2533  3.8301 1.2509
# nan/-- indicates the pKa is probably outside the given pH range
# -- may also indicate that this micro/noequiv is not implemented
# Read 27 cphlog files (27 pH values)
#    pH nsamples
#  4.50      200
#  4.70      200
#  4.90      200
#  5.10      200
#  5.30      200
#  5.50      200
#  5.70      200
#  5.90      200
#  6.10      200
#  6.30      200
#  6.50      200
#  6.70      200
#  6.90      200
#  7.10      200
#  7.30      200
#  7.70      200
#  7.90      200
#  8.10      189
#  8.30      187
#  8.50      200
#  8.70      188
#  8.90      200
#  9.10      180
#  9.30      156
#  9.50      147
#  9.70      117
#  9.90       74
# state population method: uwham
#         PROT:78:HIS
 4.500  0.0000 0.0000  0.0000 0.0000
 4.700  0.0000 0.0000  0.0001 0.0000
 4.900  0.0000 0.0000  0.0161 0.0024
 5.100  0.0000 0.0000  0.1782 0.0162
 5.300  0.0000 0.0000  0.3115 0.0195
 5.500  0.0015 0.0003  0.2662 0.0182
 5.700  0.0862 0.0119  0.1301 0.0141
 5.900  0.4974 0.0238  0.0083 0.0015
 6.100  0.3215 0.0201  0.0062 0.0020
 6.300  0.3175 0.0193  0.0207 0.0065
 6.500  0.6704 0.0206  0.0188 0.0059
 6.700  0.7238 0.0160  0.0036 0.0012
 6.900  0.5157 0.0193  0.0006 0.0001
 7.100  0.3601 0.0183  0.0063 0.0011
 7.300  0.2543 0.0159  0.0679 0.0105
 7.700  0.3771 0.0164  0.5412 0.0172
 7.900  0.4709 0.0155  0.5188 0.0154
 8.100  0.5393 0.0144  0.4596 0.0144
 8.300  0.5945 0.0135  0.4054 0.0135
 8.500  0.6332 0.0128  0.3668 0.0128
 8.700  0.6443 0.0128  0.3557 0.0128
 8.900  0.6130 0.0141  0.3870 0.0141
 9.100  0.5504 0.0161  0.4496 0.0161
 9.300  0.5526 0.0185  0.4474 0.0185
 9.500  0.6665 0.0194  0.3335 0.0194
 9.700  0.7450 0.0209  0.2550 0.0209
 9.900  0.7544 0.0272  0.2456 0.0272
# pKa and Hill coefficient method: non-linear regression
#pKa    7.4451 0.1299  7.4381 0.1299
#hill   6.2134 2.5887  6.0420 2.5812
# nan/-- indicates the pKa is probably outside the given pH range
# -- may also indicate that this micro/noequiv is not implemented
# Read 27 cphlog files (27 pH values)
#    pH nsamples
#  4.50      200
#  4.70      200
#  4.90      200
#  5.10      200
#  5.30      200
#  5.50      200
#  5.70      200
#  5.90      200
#  6.10      200
#  6.30      200
#  6.50      200
#  6.70      200
#  6.90      200
#  7.10      200
#  7.30      200
#  7.70      200
#  7.90      200
#  8.10      189
#  8.30      187
#  8.50      200
#  8.70      188
#  8.90      200
#  9.10      181
#  9.30      156
#  9.50      147
#  9.70      118
#  9.90       74
# state population method: uwham
#        PROT:267:HIS
 4.500  0.0000 0.0000  0.0000 0.0000
 4.700  0.0000 0.0000  0.0000 0.0000
 4.900  0.0000 0.0000  0.0000 0.0000
 5.100  0.0000 0.0000  0.0000 0.0000
 5.300  0.0000 0.0000  0.0000 0.0000
 5.500  0.0000 0.0000  0.0000 0.0000
 5.700  0.0000 0.0000  0.0000 0.0000
 5.900  0.0000 0.0000  0.0000 0.0000
 6.100  0.0000 0.0000  0.0000 0.0000
 6.300  0.0000 0.0000  0.0000 0.0000
 6.500  0.0000 0.0000  0.0000 0.0000
 6.700  0.0000 0.0000  0.0000 0.0000
 6.900  0.0000 0.0000  0.0000 0.0000
 7.100  0.0000 0.0000  0.0000 0.0000
 7.300  0.0000 0.0000  0.0000 0.0000
 7.700  0.0001 0.0000  0.0000 0.0000
 7.900  0.0005 0.0001  0.0000 0.0000
 8.100  0.0016 0.0003  0.0000 0.0000
 8.300  0.0055 0.0007  0.0001 0.0000
 8.500  0.0171 0.0019  0.0005 0.0001
 8.700  0.0489 0.0049  0.0032 0.0005
 8.900  0.1218 0.0105  0.0162 0.0022
 9.100  0.2350 0.0165  0.0675 0.0077
 9.300  0.2976 0.0180  0.1905 0.0163
 9.500  0.2601 0.0167  0.3100 0.0207
 9.700  0.2788 0.0227  0.3179 0.0230
 9.900  0.4256 0.0343  0.2436 0.0231
# pKa and Hill coefficient method: non-linear regression
#pKa    9.4923 0.0728  9.5819 0.0649
#hill   2.0553 0.1504  2.7682 0.2339
# nan/-- indicates the pKa is probably outside the given pH range
# -- may also indicate that this micro/noequiv is not implemented
