# Read 27 cphlog files (27 pH values)
#    pH nsamples
#  4.50      200
#  4.70      200
#  4.90      200
#  5.10      200
#  5.30      200
#  5.50      200
#  5.70      200
#  5.90      200
#  6.10      200
#  6.30      200
#  6.50      200
#  6.70      200
#  6.90      200
#  7.10      200
#  7.30      200
#  7.70      200
#  7.90      200
#  8.10      200
#  8.30      200
#  8.50      200
#  8.70      200
#  8.90      200
#  9.10      200
#  9.30      200
#  9.50      200
#  9.70      200
#  9.90      200
# state population method: uwham
#         PROT:36:ASP    PROT:38:GLU   PROT:171:ASP   PROT:215:GLU                       PROT:257:ASP
 4.500  0.0000 0.0000  0.0000 0.0000  0.7154 0.0219  0.9605 0.0050                      0.9999 0.0000
 4.700  0.0000 0.0000  0.0000 0.0000  0.6521 0.0213  0.8248 0.0169                      0.9954 0.0007
 4.900  0.0000 0.0000  0.0000 0.0000  0.8069 0.0175  0.5921 0.0227                      0.8370 0.0182
 5.100  0.0000 0.0000  0.0000 0.0000  0.9893 0.0015  0.5856 0.0214                      0.4875 0.0229
 5.300  0.0000 0.0000  0.0000 0.0000  0.9792 0.0030  0.4617 0.0201                      0.7384 0.0199
 5.500  0.0000 0.0000  0.0000 0.0000  0.8504 0.0146  0.4372 0.0203                      0.9461 0.0060
 5.700  0.0000 0.0000  0.0000 0.0000  0.5504 0.0251  0.4851 0.0228                      0.9957 0.0006
 5.900  0.0000 0.0000  0.0000 0.0000  0.6384 0.0204  0.2187 0.0205                      1.0000 0.0000
 6.100  0.0000 0.0000  0.0000 0.0000  0.3797 0.0227  0.1012 0.0101                      1.0000 0.0000
 6.300  0.0000 0.0000  0.0000 0.0000  0.1721 0.0128  0.2670 0.0199                      0.9980 0.0003
 6.500  0.0000 0.0000  0.0000 0.0000  0.1520 0.0166  0.6841 0.0212                      0.9596 0.0048
 6.700  0.0000 0.0000  0.0000 0.0000  0.0825 0.0090  0.7957 0.0129                      0.7961 0.0150
 6.900  0.0000 0.0000  0.0000 0.0000  0.0597 0.0081  0.6225 0.0186                      0.6029 0.0185
 7.100  0.0000 0.0000  0.0000 0.0000  0.0649 0.0098  0.4540 0.0195                      0.4762 0.0192
 7.300  0.0000 0.0000  0.0000 0.0000  0.0545 0.0088  0.2904 0.0185                      0.3860 0.0188
 7.700  0.0000 0.0000  0.0000 0.0000  0.0025 0.0006  0.0090 0.0016                      0.3728 0.0171
 7.900  0.0000 0.0000  0.0000 0.0000  0.0002 0.0000  0.0005 0.0001                      0.3190 0.0151
 8.100  0.0000 0.0000  0.0000 0.0000  0.0000 0.0000  0.0000 0.0000                      0.2571 0.0128
 8.300  0.0000 0.0000  0.0000 0.0000  0.0000 0.0000  0.0000 0.0000                      0.2006 0.0110
 8.500  0.0000 0.0000  0.0000 0.0000  0.0000 0.0000  0.0000 0.0000                      0.1495 0.0093
 8.700  0.0000 0.0000  0.0000 0.0000  0.0000 0.0000  0.0000 0.0000                      0.1035 0.0074
 8.900  0.0000 0.0000  0.0000 0.0000  0.0000 0.0000  0.0000 0.0000                      0.0628 0.0051
 9.100  0.0000 0.0000  0.0000 0.0000  0.0000 0.0000  0.0000 0.0000                      0.0299 0.0028
 9.300  0.0000 0.0000  0.0000 0.0000  0.0000 0.0000  0.0000 0.0000                      0.0093 0.0010
 9.500  0.0000 0.0000  0.0000 0.0000  0.0000 0.0000  0.0000 0.0000                      0.0016 0.0002
 9.700  0.0000 0.0000  0.0000 0.0000  0.0000 0.0000  0.0000 0.0000                      0.0002 0.0000
 9.900  0.0000 0.0000  0.0000 0.0000  0.0000 0.0000  0.0000 0.0000                      0.0000 0.0000
# pKa and Hill coefficient method: non-linear regression
#pKa               --             --  6.0155 0.0611  5.4559 0.2372                      7.6268 0.0962
#hill              --             --  1.9885 0.2177  1.1653 0.2334                      1.6949 0.1415
# nan/-- indicates the pKa is probably outside the given pH range
# -- may also indicate that this micro/noequiv is not implemented
# Read 27 cphlog files (27 pH values)
#    pH nsamples
#  4.50      200
#  4.70      200
#  4.90      200
#  5.10      200
#  5.30      200
#  5.50      200
#  5.70      200
#  5.90      200
#  6.10      200
#  6.30      200
#  6.50      200
#  6.70      200
#  6.90      200
#  7.10      200
#  7.30      200
#  7.70      200
#  7.90      200
#  8.10      200
#  8.30      200
#  8.50      200
#  8.70      200
#  8.90      200
#  9.10      200
#  9.30      200
#  9.50      200
#  9.70      200
#  9.90      200
# state population method: uwham
#        PROT:215:GLU
 4.500  0.9413 0.0065  0.0192 0.0032
 4.700  0.7403 0.0206  0.0846 0.0118
 4.900  0.3063 0.0230  0.2858 0.0217
 5.100  0.0163 0.0020  0.5693 0.0217
 5.300  0.0226 0.0051  0.4390 0.0201
 5.500  0.0459 0.0094  0.3913 0.0199
 5.700  0.0751 0.0107  0.4100 0.0233
 5.900  0.1395 0.0178  0.0791 0.0114
 6.100  0.0995 0.0100  0.0017 0.0003
 6.300  0.2657 0.0198  0.0013 0.0002
 6.500  0.6560 0.0206  0.0281 0.0036
 6.700  0.6479 0.0191  0.1478 0.0124
 6.900  0.3441 0.0197  0.2784 0.0169
 7.100  0.1469 0.0119  0.3071 0.0180
 7.300  0.0610 0.0077  0.2294 0.0166
 7.700  0.0015 0.0004  0.0075 0.0013
 7.900  0.0001 0.0000  0.0004 0.0001
 8.100  0.0000 0.0000  0.0000 0.0000
 8.300  0.0000 0.0000  0.0000 0.0000
 8.500  0.0000 0.0000  0.0000 0.0000
 8.700  0.0000 0.0000  0.0000 0.0000
 8.900  0.0000 0.0000  0.0000 0.0000
 9.100  0.0000 0.0000  0.0000 0.0000
 9.300  0.0000 0.0000  0.0000 0.0000
 9.500  0.0000 0.0000  0.0000 0.0000
 9.700  0.0000 0.0000  0.0000 0.0000
 9.900  0.0000 0.0000  0.0000 0.0000
# pKa and Hill coefficient method: non-linear regression
#pKa    4.9727 0.0580  5.2066 0.1282
#hill   8.5941 1.9847  2.7395 0.6113
# nan/-- indicates the pKa is probably outside the given pH range
# -- may also indicate that this micro/noequiv is not implemented
# Read 27 cphlog files (27 pH values)
#    pH nsamples
#  4.50      200
#  4.70      200
#  4.90      200
#  5.10      200
#  5.30      200
#  5.50      200
#  5.70      200
#  5.90      200
#  6.10      200
#  6.30      200
#  6.50      200
#  6.70      200
#  6.90      200
#  7.10      200
#  7.30      200
#  7.70      200
#  7.90      200
#  8.10      200
#  8.30      200
#  8.50      200
#  8.70      200
#  8.90      200
#  9.10      200
#  9.30      200
#  9.50      200
#  9.70      200
#  9.90      200
# state population method: uwham
#        PROT:171:ASP
 4.500  0.0000 0.0000  0.7154 0.0219
 4.700  0.0000 0.0000  0.6521 0.0213
 4.900  0.0035 0.0005  0.8034 0.0173
 5.100  0.0929 0.0092  0.8964 0.0092
 5.300  0.3558 0.0215  0.6234 0.0221
 5.500  0.5150 0.0207  0.3354 0.0197
 5.700  0.2922 0.0213  0.2582 0.0185
 5.900  0.0911 0.0113  0.5472 0.0228
 6.100  0.1074 0.0137  0.2723 0.0207
 6.300  0.1147 0.0114  0.0574 0.0065
 6.500  0.1482 0.0166  0.0038 0.0006
 6.700  0.0825 0.0090  0.0001 0.0000
 6.900  0.0597 0.0081  0.0000 0.0000
 7.100  0.0649 0.0098  0.0000 0.0000
 7.300  0.0545 0.0088  0.0000 0.0000
 7.700  0.0025 0.0006  0.0000 0.0000
 7.900  0.0002 0.0000  0.0000 0.0000
 8.100  0.0000 0.0000  0.0000 0.0000
 8.300  0.0000 0.0000  0.0000 0.0000
 8.500  0.0000 0.0000  0.0000 0.0000
 8.700  0.0000 0.0000  0.0000 0.0000
 8.900  0.0000 0.0000  0.0000 0.0000
 9.100  0.0000 0.0000  0.0000 0.0000
 9.300  0.0000 0.0000  0.0000 0.0000
 9.500  0.0000 0.0000  0.0000 0.0000
 9.700  0.0000 0.0000  0.0000 0.0000
 9.900  0.0000 0.0000  0.0000 0.0000
# pKa and Hill coefficient method: non-linear regression
#pKa    3.8513 0.8718  5.4826 0.0915
#hill   0.8512 0.2812  2.1647 0.3942
# nan/-- indicates the pKa is probably outside the given pH range
# -- may also indicate that this micro/noequiv is not implemented
# Read 27 cphlog files (27 pH values)
#    pH nsamples
#  4.50      200
#  4.70      200
#  4.90      200
#  5.10      200
#  5.30      200
#  5.50      200
#  5.70      200
#  5.90      200
#  6.10      200
#  6.30      200
#  6.50      200
#  6.70      200
#  6.90      200
#  7.10      200
#  7.30      200
#  7.70      200
#  7.90      200
#  8.10      200
#  8.30      200
#  8.50      200
#  8.70      200
#  8.90      200
#  9.10      200
#  9.30      200
#  9.50      200
#  9.70      200
#  9.90      200
# state population method: uwham
#        PROT:257:ASP
 4.500  0.5659 0.0259  0.4341 0.0259
 4.700  0.6325 0.0213  0.3630 0.0214
 4.900  0.6185 0.0210  0.2185 0.0168
 5.100  0.1940 0.0182  0.2935 0.0207
 5.300  0.1262 0.0122  0.6121 0.0207
 5.500  0.2624 0.0185  0.6836 0.0184
 5.700  0.6093 0.0245  0.3864 0.0243
 5.900  0.7446 0.0187  0.2554 0.0187
 6.100  0.6047 0.0211  0.3953 0.0211
 6.300  0.7152 0.0196  0.2828 0.0197
 6.500  0.8698 0.0093  0.0898 0.0082
 6.700  0.6722 0.0199  0.1239 0.0104
 6.900  0.3437 0.0196  0.2592 0.0165
 7.100  0.1552 0.0121  0.3210 0.0183
 7.300  0.1173 0.0107  0.2687 0.0182
 7.700  0.3610 0.0174  0.0118 0.0021
 7.900  0.3182 0.0151  0.0008 0.0002
 8.100  0.2571 0.0128  0.0000 0.0000
 8.300  0.2006 0.0110  0.0000 0.0000
 8.500  0.1495 0.0093  0.0000 0.0000
 8.700  0.1035 0.0074  0.0000 0.0000
 8.900  0.0628 0.0051  0.0000 0.0000
 9.100  0.0299 0.0028  0.0000 0.0000
 9.300  0.0093 0.0010  0.0000 0.0000
 9.500  0.0016 0.0002  0.0000 0.0000
 9.700  0.0002 0.0000  0.0000 0.0000
 9.900  0.0000 0.0000  0.0000 0.0000
# pKa and Hill coefficient method: non-linear regression
#pKa    6.9070 0.1125  6.6751 0.1822
#hill   2.6216 1.2749  3.0235 1.2636
# nan/-- indicates the pKa is probably outside the given pH range
# -- may also indicate that this micro/noequiv is not implemented
# Read 27 cphlog files (27 pH values)
#    pH nsamples
#  4.50      200
#  4.70      200
#  4.90      200
#  5.10      200
#  5.30      200
#  5.50      200
#  5.70      200
#  5.90      200
#  6.10      200
#  6.30      200
#  6.50      200
#  6.70      200
#  6.90      200
#  7.10      200
#  7.30      200
#  7.70      200
#  7.90      200
#  8.10      200
#  8.30      200
#  8.50      200
#  8.70      200
#  8.90      200
#  9.10      200
#  9.30      200
#  9.50      200
#  9.70      200
#  9.90      200
# state population method: uwham
#         PROT:38:GLU
 4.500  0.0000 0.0000  0.0000 0.0000
 4.700  0.0000 0.0000  0.0000 0.0000
 4.900  0.0000 0.0000  0.0000 0.0000
 5.100  0.0000 0.0000  0.0000 0.0000
 5.300  0.0000 0.0000  0.0000 0.0000
 5.500  0.0000 0.0000  0.0000 0.0000
 5.700  0.0000 0.0000  0.0000 0.0000
 5.900  0.0000 0.0000  0.0000 0.0000
 6.100  0.0000 0.0000  0.0000 0.0000
 6.300  0.0000 0.0000  0.0000 0.0000
 6.500  0.0000 0.0000  0.0000 0.0000
 6.700  0.0000 0.0000  0.0000 0.0000
 6.900  0.0000 0.0000  0.0000 0.0000
 7.100  0.0000 0.0000  0.0000 0.0000
 7.300  0.0000 0.0000  0.0000 0.0000
 7.700  0.0000 0.0000  0.0000 0.0000
 7.900  0.0000 0.0000  0.0000 0.0000
 8.100  0.0000 0.0000  0.0000 0.0000
 8.300  0.0000 0.0000  0.0000 0.0000
 8.500  0.0000 0.0000  0.0000 0.0000
 8.700  0.0000 0.0000  0.0000 0.0000
 8.900  0.0000 0.0000  0.0000 0.0000
 9.100  0.0000 0.0000  0.0000 0.0000
 9.300  0.0000 0.0000  0.0000 0.0000
 9.500  0.0000 0.0000  0.0000 0.0000
 9.700  0.0000 0.0000  0.0000 0.0000
 9.900  0.0000 0.0000  0.0000 0.0000
# pKa and Hill coefficient method: non-linear regression
#pKa               --             --
#hill              --             --
# nan/-- indicates the pKa is probably outside the given pH range
# -- may also indicate that this micro/noequiv is not implemented
# Read 27 cphlog files (27 pH values)
#    pH nsamples
#  4.50      200
#  4.70      200
#  4.90      200
#  5.10      200
#  5.30      200
#  5.50      200
#  5.70      200
#  5.90      200
#  6.10      200
#  6.30      200
#  6.50      200
#  6.70      200
#  6.90      200
#  7.10      200
#  7.30      200
#  7.70      200
#  7.90      200
#  8.10      200
#  8.30      200
#  8.50      200
#  8.70      200
#  8.90      200
#  9.10      200
#  9.30      200
#  9.50      200
#  9.70      200
#  9.90      200
# state population method: uwham
#         PROT:36:ASP
 4.500  0.0000 0.0000  0.0000 0.0000
 4.700  0.0000 0.0000  0.0000 0.0000
 4.900  0.0000 0.0000  0.0000 0.0000
 5.100  0.0000 0.0000  0.0000 0.0000
 5.300  0.0000 0.0000  0.0000 0.0000
 5.500  0.0000 0.0000  0.0000 0.0000
 5.700  0.0000 0.0000  0.0000 0.0000
 5.900  0.0000 0.0000  0.0000 0.0000
 6.100  0.0000 0.0000  0.0000 0.0000
 6.300  0.0000 0.0000  0.0000 0.0000
 6.500  0.0000 0.0000  0.0000 0.0000
 6.700  0.0000 0.0000  0.0000 0.0000
 6.900  0.0000 0.0000  0.0000 0.0000
 7.100  0.0000 0.0000  0.0000 0.0000
 7.300  0.0000 0.0000  0.0000 0.0000
 7.700  0.0000 0.0000  0.0000 0.0000
 7.900  0.0000 0.0000  0.0000 0.0000
 8.100  0.0000 0.0000  0.0000 0.0000
 8.300  0.0000 0.0000  0.0000 0.0000
 8.500  0.0000 0.0000  0.0000 0.0000
 8.700  0.0000 0.0000  0.0000 0.0000
 8.900  0.0000 0.0000  0.0000 0.0000
 9.100  0.0000 0.0000  0.0000 0.0000
 9.300  0.0000 0.0000  0.0000 0.0000
 9.500  0.0000 0.0000  0.0000 0.0000
 9.700  0.0000 0.0000  0.0000 0.0000
 9.900  0.0000 0.0000  0.0000 0.0000
# pKa and Hill coefficient method: non-linear regression
#pKa               --             --
#hill              --             --
# nan/-- indicates the pKa is probably outside the given pH range
# -- may also indicate that this micro/noequiv is not implemented
